LANGUAGE,INCOME,CURRENT_GENDER,RACE_1,MARITAL_STATUS,EDUCATION,EMPLOYMENT,LGBT_IDENTITY,ETHNICITY_1,GENDER,OTHER_LANGUAGE,dis-score,score
13,9.0,1.0,2.0,3,3.0,2.0,0.0,0.0,2.0,-999.0,0.819,7200.0
13,5.0,0.0,2.0,3,3.0,0.0,0.0,0.0,1.0,-999.0,0.0,0.0
13,9.0,1.0,5.0,1,3.0,4.0,0.0,0.0,2.0,-999.0,0.8409,8640.0
13,6.0,1.0,6.0,3,3.0,0.0,0.0,1.0,2.0,-999.0,0.0,0.0
13,5.0,1.0,5.0,3,3.0,0.0,0.0,0.0,2.0,1.0,0.0,0.0
13,6.0,0.0,5.0,1,4.0,3.0,0.0,0.0,1.0,1.0,0.0,0.0
13,5.0,1.0,2.0,3,4.0,2.0,0.0,0.0,2.0,1.0,0.9357,28464.0
13,4.0,1.0,5.0,3,3.0,0.0,0.0,0.0,2.0,-999.0,0.0,0.0
13,6.0,0.0,5.0,3,4.0,3.0,0.0,0.0,1.0,1.0,0.0,0.0
13,-999.0,1.0,4.0,0,2.0,4.0,0.0,-999.0,2.0,-999.0,0.9928,403200.0
13,8.0,1.0,5.0,3,4.0,0.0,0.0,0.0,2.0,-999.0,0.0,0.0
13,8.0,1.0,5.0,3,3.0,0.0,0.0,0.0,2.0,1.0,0.0,0.0
13,6.0,1.0,4.0,1,3.0,1.0,0.0,0.0,2.0,-999.0,0.7456,4320.0
13,7.0,0.0,5.0,1,4.0,0.0,2.0,0.0,1.0,-999.0,0.0,0.0
13,5.0,1.0,5.0,3,3.0,0.0,0.0,0.0,2.0,-999.0,0.0,0.0
13,6.0,1.0,5.0,3,4.0,0.0,0.0,0.0,2.0,-999.0,0.0,0.0
13,7.0,1.0,5.0,3,4.0,0.0,-999.0,0.0,2.0,-999.0,0.0,0.0
35,8.0,1.0,5.0,3,4.0,0.0,0.0,0.0,2.0,0.0,0.9957,736080.0
13,5.0,0.0,2.0,3,3.0,0.0,-999.0,-999.0,1.0,1.0,0.0,0.0
13,8.0,0.0,5.0,1,3.0,0.0,0.0,0.0,1.0,1.0,0.0,0.0
47,7.0,0.0,5.0,3,4.0,0.0,0.0,0.0,1.0,0.0,0.998,1835280.0
13,9.0,1.0,4.0,3,4.0,0.0,0.0,0.0,2.0,1.0,0.4494,960.0
13,5.0,1.0,6.0,1,3.0,0.0,-999.0,1.0,2.0,1.0,0.7949,6000.0
13,6.0,1.0,6.0,1,3.0,0.0,0.0,1.0,2.0,1.0,0.7262,3840.0
13,7.0,1.0,6.0,3,4.0,0.0,0.0,1.0,2.0,1.0,0.7456,4320.0
13,5.0,0.0,4.0,3,0.0,0.0,-999.0,0.0,1.0,-999.0,0.8576,10080.0
13,6.0,0.0,5.0,3,3.0,0.0,0.0,0.0,1.0,1.0,0.0,0.0
13,10.0,1.0,5.0,1,4.0,0.0,0.0,0.0,2.0,-999.0,0.0,0.0
13,6.0,1.0,5.0,1,4.0,0.0,0.0,0.0,2.0,-999.0,0.0,0.0
13,6.0,0.0,5.0,3,3.0,0.0,0.0,0.0,1.0,1.0,0.0,0.0
40,8.0,1.0,5.0,1,3.0,0.0,0.0,1.0,2.0,0.0,0.9313,26160.0
13,5.0,1.0,4.0,0,4.0,0.0,1.0,0.0,2.0,1.0,0.9924,378000.0
13,6.0,1.0,4.0,3,4.0,0.0,0.0,0.0,2.0,-999.0,0.0,0.0
13,5.0,1.0,5.0,3,4.0,2.0,0.0,1.0,2.0,1.0,0.9074,17880.0
13,8.0,0.0,5.0,1,3.0,3.0,0.0,0.0,1.0,1.0,0.0601,48.0
13,8.0,0.0,5.0,1,4.0,0.0,0.0,0.0,1.0,-999.0,0.0,0.0
13,7.0,0.0,5.0,1,4.0,0.0,0.0,0.0,1.0,-999.0,0.0,0.0
13,8.0,0.0,5.0,3,4.0,0.0,1.0,0.0,1.0,1.0,0.0,0.0
40,5.0,1.0,5.0,3,3.0,2.0,0.0,1.0,2.0,0.0,0.991,308160.0
13,5.0,1.0,4.0,3,1.0,2.0,0.0,0.0,2.0,1.0,0.9514,40320.0
13,5.0,1.0,4.0,3,3.0,0.0,0.0,0.0,2.0,-999.0,0.0,0.0
13,1.0,0.0,4.0,3,2.0,4.0,0.0,0.0,1.0,-999.0,0.9816,131040.0
13,8.0,1.0,6.0,3,4.0,0.0,0.0,0.0,2.0,-999.0,0.0,0.0
13,6.0,1.0,5.0,3,4.0,0.0,2.0,0.0,2.0,-999.0,0.0,0.0
13,8.0,0.0,5.0,1,4.0,0.0,0.0,0.0,1.0,-999.0,0.0,0.0
13,9.0,1.0,5.0,1,4.0,0.0,0.0,0.0,2.0,1.0,0.0,0.0
13,5.0,1.0,2.0,3,3.0,0.0,0.0,0.0,2.0,1.0,0.0,0.0
13,5.0,0.0,5.0,3,3.0,0.0,0.0,0.0,1.0,-999.0,0.0,0.0
13,6.0,1.0,5.0,3,3.0,0.0,0.0,0.0,2.0,-999.0,0.0,0.0
13,4.0,0.0,5.0,3,3.0,2.0,0.0,0.0,1.0,-999.0,0.4215,840.0
13,8.0,1.0,5.0,1,3.0,1.0,0.0,0.0,2.0,-999.0,0.0,0.0
13,8.0,0.0,5.0,1,4.0,0.0,0.0,0.0,1.0,1.0,0.0,0.0
13,8.0,1.0,3.0,1,4.0,0.0,0.0,1.0,2.0,1.0,0.9989,3628800.0
13,3.0,0.0,-999.0,3,2.0,1.0,0.0,0.0,1.0,-999.0,0.0,0.0
13,8.0,1.0,5.0,3,3.0,0.0,3.0,0.0,2.0,-999.0,0.0,0.0
13,4.0,0.0,4.0,3,3.0,0.0,0.0,0.0,1.0,1.0,0.5678,1680.0
13,10.0,0.0,5.0,1,4.0,0.0,0.0,0.0,1.0,1.0,0.0,0.0
13,8.0,0.0,5.0,3,4.0,0.0,1.0,0.0,1.0,1.0,0.0,0.0
13,9.0,0.0,4.0,1,3.0,0.0,0.0,0.0,1.0,-999.0,0.0,0.0
13,7.0,1.0,2.0,1,3.0,2.0,0.0,0.0,2.0,-999.0,0.9252,23520.0
13,7.0,0.0,5.0,1,4.0,3.0,0.0,0.0,1.0,-999.0,0.0,0.0
13,8.0,1.0,4.0,3,4.0,3.0,0.0,0.0,2.0,-999.0,0.675,2880.0
13,10.0,1.0,5.0,3,4.0,3.0,0.0,0.0,2.0,0.0,0.9872,201600.0
13,6.0,0.0,5.0,3,3.0,1.0,0.0,0.0,1.0,-999.0,0.0601,48.0
13,6.0,-999.0,5.0,3,4.0,3.0,0.0,0.0,2.0,-999.0,0.0,0.0
13,7.0,1.0,5.0,1,3.0,3.0,0.0,0.0,2.0,-999.0,0.0,0.0
13,1.0,1.0,5.0,3,0.0,4.0,-999.0,0.0,2.0,-999.0,0.0,0.0
13,8.0,1.0,5.0,3,3.0,0.0,0.0,0.0,2.0,1.0,0.0,0.0
13,7.0,0.0,5.0,3,4.0,0.0,0.0,0.0,1.0,-999.0,0.0,0.0
13,8.0,1.0,5.0,1,4.0,0.0,0.0,0.0,2.0,-999.0,0.0,0.0
13,8.0,1.0,5.0,1,4.0,3.0,0.0,0.0,2.0,-999.0,0.0,0.0
13,8.0,1.0,5.0,3,4.0,0.0,2.0,0.0,2.0,1.0,0.4215,840.0
33,5.0,1.0,5.0,1,4.0,1.0,0.0,2.0,2.0,0.0,0.9972,1216080.0
13,7.0,0.0,5.0,1,4.0,0.0,2.0,0.0,1.0,1.0,0.8409,8640.0
13,10.0,1.0,5.0,1,4.0,3.0,0.0,0.0,2.0,-999.0,0.0,0.0
13,10.0,1.0,5.0,3,3.0,2.0,0.0,0.0,2.0,-999.0,0.7697,5040.0
13,6.0,1.0,2.0,3,4.0,3.0,0.0,0.0,2.0,1.0,0.8709,11520.0
13,9.0,1.0,5.0,1,4.0,0.0,0.0,0.0,2.0,-999.0,0.0,0.0
33,6.0,1.0,5.0,1,4.0,2.0,0.0,1.0,2.0,1.0,0.991,307440.0
13,5.0,1.0,5.0,3,4.0,1.0,1.0,0.0,2.0,1.0,0.9651,60480.0
13,3.0,0.0,5.0,3,3.0,2.0,0.0,0.0,1.0,-999.0,0.0,0.0
13,4.0,0.0,5.0,3,3.0,0.0,1.0,0.0,1.0,-999.0,0.9724,80640.0
13,9.0,1.0,5.0,3,4.0,0.0,0.0,0.0,2.0,-999.0,0.0,0.0
13,1.0,1.0,6.0,3,1.0,2.0,2.0,0.0,2.0,1.0,0.9875,208080.0
13,1.0,1.0,5.0,3,3.0,4.0,0.0,0.0,2.0,-999.0,0.5354,1440.0
13,10.0,0.0,5.0,1,4.0,3.0,0.0,0.0,1.0,-999.0,0.0,0.0
13,4.0,1.0,5.0,3,3.0,0.0,0.0,0.0,2.0,-999.0,0.0,0.0
0,1.0,1.0,4.0,3,3.0,1.0,0.0,0.0,2.0,-999.0,0.9943,529200.0
13,1.0,0.0,5.0,3,3.0,1.0,-999.0,0.0,1.0,-999.0,0.0,0.0
13,10.0,0.0,5.0,1,4.0,3.0,0.0,0.0,1.0,1.0,0.0,0.0
13,8.0,1.0,5.0,3,3.0,3.0,0.0,0.0,2.0,-999.0,0.0,0.0
13,10.0,0.0,5.0,1,3.0,0.0,0.0,0.0,1.0,-999.0,0.0,0.0
13,10.0,0.0,5.0,1,4.0,0.0,0.0,0.0,1.0,1.0,0.0,0.0
13,10.0,0.0,5.0,1,4.0,3.0,0.0,0.0,1.0,1.0,0.0,0.0
13,4.0,0.0,7.0,3,3.0,0.0,0.0,1.0,1.0,1.0,0.9651,60480.0
13,5.0,0.0,4.0,3,3.0,0.0,0.0,0.0,1.0,1.0,0.0,0.0
13,6.0,1.0,5.0,3,4.0,0.0,0.0,0.0,2.0,1.0,0.0,0.0
13,7.0,1.0,2.0,1,3.0,0.0,1.0,0.0,2.0,-999.0,0.9629,56160.0
13,6.0,1.0,4.0,1,3.0,0.0,2.0,0.0,2.0,-999.0,0.9651,60480.0
13,8.0,0.0,5.0,1,4.0,3.0,0.0,0.0,1.0,-999.0,0.0,0.0
13,10.0,1.0,5.0,3,4.0,3.0,0.0,0.0,2.0,-999.0,0.0,0.0
13,7.0,0.0,5.0,1,3.0,2.0,0.0,0.0,1.0,-999.0,0.0,0.0
13,7.0,1.0,5.0,1,3.0,1.0,0.0,0.0,2.0,1.0,0.0,0.0
40,7.0,1.0,6.0,1,4.0,0.0,0.0,1.0,2.0,0.0,0.9892,247680.0
13,8.0,0.0,5.0,1,3.0,0.0,0.0,0.0,1.0,-999.0,0.0,0.0
13,9.0,-999.0,5.0,1,4.0,3.0,0.0,-999.0,2.0,1.0,0.0,0.0
13,2.0,0.0,6.0,3,1.0,1.0,3.0,1.0,1.0,-999.0,0.9948,589680.0
13,10.0,1.0,5.0,1,4.0,0.0,1.0,0.0,2.0,-999.0,0.0,0.0
13,1.0,1.0,5.0,3,1.0,4.0,0.0,0.0,2.0,1.0,0.6966,3240.0
13,8.0,0.0,5.0,3,4.0,0.0,1.0,0.0,1.0,-999.0,0.0,0.0
13,8.0,1.0,6.0,3,4.0,0.0,0.0,0.0,2.0,1.0,0.8211,7320.0
40,10.0,1.0,5.0,3,1.0,2.0,0.0,1.0,2.0,1.0,0.9924,378000.0
13,10.0,-999.0,5.0,3,4.0,0.0,1.0,0.0,1.0,-999.0,0.0,0.0
13,7.0,1.0,5.0,3,3.0,0.0,0.0,0.0,2.0,1.0,0.0,0.0
13,9.0,0.0,5.0,1,3.0,3.0,0.0,0.0,1.0,1.0,0.0,0.0
13,9.0,1.0,5.0,3,3.0,2.0,0.0,0.0,2.0,-999.0,0.7697,5040.0
13,6.0,1.0,5.0,1,3.0,1.0,0.0,0.0,2.0,-999.0,0.0,0.0
13,5.0,1.0,5.0,3,3.0,0.0,0.0,0.0,2.0,1.0,0.0,0.0
40,1.0,1.0,6.0,2,0.0,0.0,0.0,1.0,2.0,0.0,0.9983,2142000.0
13,5.0,0.0,5.0,3,4.0,0.0,0.0,0.0,1.0,-999.0,0.0,0.0
13,8.0,0.0,5.0,1,3.0,0.0,0.0,0.0,1.0,1.0,0.0,0.0
13,7.0,1.0,2.0,3,3.0,0.0,2.0,0.0,2.0,1.0,0.8948,15120.0
13,10.0,0.0,5.0,1,4.0,0.0,0.0,0.0,1.0,-999.0,0.0,0.0
13,8.0,0.0,5.0,1,4.0,3.0,1.0,0.0,1.0,1.0,0.896,15360.0
35,8.0,0.0,5.0,1,4.0,0.0,0.0,0.0,1.0,0.0,0.9922,364800.0
13,7.0,1.0,5.0,3,3.0,0.0,0.0,0.0,2.0,-999.0,0.0,0.0
13,9.0,1.0,5.0,3,4.0,2.0,2.0,0.0,2.0,-999.0,0.9771,100800.0
13,5.0,0.0,5.0,3,4.0,3.0,0.0,0.0,1.0,-999.0,0.4494,960.0
13,4.0,1.0,4.0,3,3.0,0.0,0.0,0.0,2.0,-999.0,0.0,0.0
13,9.0,1.0,5.0,3,1.0,2.0,0.0,0.0,2.0,1.0,0.9617,54000.0
13,10.0,1.0,5.0,1,3.0,0.0,0.0,1.0,2.0,1.0,0.0,0.0
13,10.0,1.0,5.0,1,3.0,0.0,0.0,0.0,2.0,-999.0,0.0,0.0
13,7.0,1.0,5.0,1,4.0,0.0,0.0,1.0,2.0,1.0,0.0,0.0
13,10.0,1.0,5.0,1,4.0,1.0,0.0,0.0,2.0,-999.0,0.0,0.0
13,4.0,1.0,5.0,3,2.0,3.0,0.0,0.0,2.0,-999.0,0.9179,20880.0
13,9.0,1.0,5.0,3,4.0,0.0,0.0,0.0,2.0,-999.0,0.0,0.0
13,3.0,1.0,5.0,3,3.0,1.0,0.0,0.0,2.0,-999.0,0.0,0.0
13,3.0,1.0,4.0,3,2.0,1.0,0.0,0.0,2.0,1.0,0.9835,149040.0
13,5.0,0.0,5.0,3,3.0,-999.0,0.0,0.0,1.0,-999.0,0.0,0.0
13,8.0,1.0,5.0,3,4.0,0.0,0.0,0.0,2.0,-999.0,0.0,0.0
13,10.0,1.0,2.0,1,3.0,0.0,0.0,0.0,2.0,1.0,0.1034,96.0
13,3.0,1.0,5.0,3,3.0,1.0,0.0,0.0,2.0,1.0,0.0,0.0
13,8.0,1.0,5.0,3,4.0,3.0,0.0,0.0,2.0,-999.0,0.0,0.0
13,7.0,0.0,5.0,3,3.0,0.0,1.0,0.0,1.0,1.0,0.14,144.0
13,1.0,0.0,5.0,3,3.0,4.0,0.0,0.0,1.0,-999.0,0.0,0.0
13,6.0,0.0,5.0,3,3.0,0.0,1.0,0.0,1.0,-999.0,0.0,0.0
13,10.0,0.0,5.0,1,4.0,0.0,0.0,0.0,1.0,-999.0,0.0,0.0
13,7.0,1.0,5.0,3,4.0,0.0,0.0,0.0,2.0,1.0,0.0,0.0
13,6.0,0.0,5.0,3,4.0,0.0,1.0,0.0,1.0,-999.0,0.0,0.0
13,7.0,1.0,5.0,2,4.0,1.0,0.0,0.0,2.0,1.0,0.9911,312480.0
13,10.0,1.0,4.0,1,3.0,0.0,-999.0,0.0,2.0,-999.0,0.0,0.0
13,6.0,1.0,5.0,3,3.0,4.0,0.0,0.0,2.0,-999.0,0.6192,2160.0
13,8.0,0.0,4.0,3,4.0,0.0,0.0,0.0,1.0,-999.0,0.0,0.0
13,8.0,0.0,5.0,1,4.0,0.0,0.0,0.0,1.0,-999.0,0.0,0.0
13,1.0,1.0,4.0,3,3.0,2.0,0.0,0.0,2.0,-999.0,0.39,720.0
40,6.0,1.0,6.0,3,4.0,0.0,0.0,1.0,2.0,0.0,0.9743,87840.0
13,6.0,0.0,2.0,1,3.0,3.0,0.0,0.0,1.0,-999.0,0.7697,5040.0
13,7.0,1.0,5.0,1,4.0,0.0,0.0,0.0,2.0,1.0,0.0,0.0
13,5.0,1.0,5.0,3,3.0,0.0,0.0,0.0,2.0,-999.0,0.0,0.0
13,6.0,1.0,5.0,3,4.0,3.0,0.0,0.0,2.0,-999.0,0.0,0.0
22,8.0,0.0,5.0,3,4.0,0.0,-999.0,0.0,1.0,0.0,0.9828,142560.0
13,10.0,0.0,5.0,1,4.0,0.0,0.0,0.0,1.0,1.0,0.0,0.0
13,8.0,1.0,5.0,3,3.0,0.0,0.0,0.0,2.0,-999.0,0.0,0.0
13,1.0,1.0,6.0,3,3.0,2.0,0.0,0.0,2.0,1.0,0.8343,8160.0
13,7.0,0.0,5.0,1,3.0,3.0,0.0,0.0,1.0,-999.0,0.0,0.0
13,6.0,1.0,5.0,3,3.0,0.0,0.0,-999.0,2.0,-999.0,0.0,0.0
13,10.0,0.0,5.0,1,4.0,0.0,0.0,0.0,1.0,-999.0,0.0,0.0
13,8.0,0.0,5.0,1,3.0,3.0,0.0,0.0,1.0,-999.0,0.0,0.0
13,10.0,0.0,5.0,1,3.0,3.0,0.0,0.0,1.0,1.0,0.5354,1440.0
13,9.0,0.0,5.0,3,4.0,0.0,0.0,0.0,1.0,-999.0,0.0,0.0
13,4.0,1.0,5.0,3,3.0,0.0,0.0,0.0,2.0,1.0,0.0,0.0
13,8.0,1.0,5.0,1,3.0,3.0,0.0,0.0,2.0,1.0,0.0601,48.0
13,8.0,0.0,5.0,3,3.0,3.0,-999.0,0.0,1.0,1.0,0.0,0.0
13,7.0,1.0,4.0,3,4.0,0.0,0.0,0.0,2.0,1.0,0.0,0.0
13,9.0,1.0,5.0,1,4.0,0.0,0.0,0.0,2.0,-999.0,0.0,0.0
13,3.0,0.0,5.0,3,1.0,4.0,0.0,0.0,1.0,1.0,0.9767,98640.0
13,6.0,1.0,5.0,3,1.0,2.0,0.0,1.0,2.0,1.0,0.9267,24120.0
13,8.0,1.0,6.0,3,3.0,0.0,2.0,0.0,2.0,-999.0,0.954,43200.0
13,8.0,1.0,5.0,1,4.0,0.0,0.0,0.0,2.0,-999.0,0.0,0.0
13,4.0,1.0,6.0,3,1.0,0.0,0.0,0.0,2.0,-999.0,0.8576,10080.0
13,9.0,0.0,5.0,1,4.0,0.0,1.0,0.0,1.0,1.0,0.0,0.0
13,10.0,0.0,5.0,1,4.0,3.0,0.0,0.0,1.0,-999.0,0.0,0.0
13,8.0,1.0,5.0,1,4.0,1.0,0.0,0.0,2.0,-999.0,0.0,0.0
13,8.0,1.0,5.0,1,-999.0,1.0,-999.0,0.0,2.0,-999.0,0.0,0.0
13,10.0,1.0,5.0,3,4.0,4.0,0.0,0.0,2.0,-999.0,0.0,0.0
13,10.0,1.0,5.0,3,4.0,4.0,0.0,0.0,2.0,-999.0,0.0,0.0
13,9.0,0.0,5.0,1,3.0,0.0,0.0,0.0,1.0,1.0,0.0,0.0
13,7.0,0.0,5.0,1,4.0,1.0,0.0,0.0,1.0,1.0,0.9157,20160.0
13,4.0,1.0,5.0,3,4.0,1.0,0.0,0.0,2.0,-999.0,0.0,0.0
13,6.0,1.0,5.0,3,4.0,0.0,0.0,1.0,2.0,1.0,0.0,0.0
13,6.0,1.0,6.0,3,4.0,0.0,0.0,1.0,2.0,1.0,0.0,0.0
13,5.0,1.0,6.0,3,4.0,0.0,0.0,0.0,2.0,1.0,0.8689,11280.0
13,1.0,1.0,5.0,3,3.0,2.0,0.0,0.0,2.0,-999.0,0.0,0.0
13,10.0,1.0,5.0,1,4.0,1.0,0.0,0.0,2.0,1.0,0.0,0.0
13,7.0,1.0,5.0,1,2.0,0.0,0.0,-999.0,2.0,-999.0,0.6192,2160.0
13,4.0,1.0,5.0,3,3.0,0.0,0.0,0.0,2.0,1.0,0.0,0.0
13,8.0,1.0,5.0,3,4.0,1.0,0.0,0.0,2.0,1.0,0.0,0.0
13,8.0,1.0,5.0,1,4.0,1.0,0.0,0.0,2.0,1.0,0.0,0.0
13,7.0,1.0,5.0,1,3.0,0.0,0.0,0.0,2.0,-999.0,0.0,0.0
13,9.0,1.0,4.0,1,4.0,0.0,0.0,0.0,2.0,1.0,0.0,0.0
13,7.0,0.0,5.0,1,4.0,3.0,0.0,0.0,1.0,-999.0,0.0,0.0
40,6.0,1.0,5.0,1,4.0,4.0,0.0,1.0,2.0,0.0,0.9862,184320.0
13,8.0,0.0,2.0,3,4.0,0.0,0.0,0.0,1.0,1.0,0.0,0.0
13,7.0,1.0,5.0,3,4.0,0.0,0.0,0.0,2.0,1.0,0.0,0.0
13,1.0,1.0,4.0,3,1.0,4.0,0.0,0.0,2.0,1.0,0.2268,288.0
13,3.0,1.0,2.0,3,3.0,0.0,0.0,0.0,2.0,1.0,0.6192,2160.0
13,4.0,1.0,5.0,3,3.0,2.0,0.0,0.0,2.0,1.0,0.0,0.0
40,10.0,1.0,6.0,1,4.0,0.0,-999.0,2.0,2.0,1.0,0.9951,630000.0
13,1.0,0.0,5.0,3,3.0,2.0,0.0,0.0,1.0,1.0,0.5821,1800.0
13,5.0,1.0,5.0,3,4.0,2.0,0.0,0.0,2.0,-999.0,0.0,0.0
40,10.0,0.0,2.0,1,4.0,0.0,0.0,0.0,1.0,1.0,0.9939,483840.0
40,9.0,0.0,2.0,1,4.0,0.0,0.0,1.0,1.0,1.0,0.9907,295200.0
13,6.0,1.0,5.0,3,4.0,0.0,0.0,0.0,2.0,-999.0,0.0,0.0
13,6.0,1.0,5.0,3,4.0,0.0,0.0,0.0,2.0,-999.0,0.0,0.0
13,9.0,1.0,5.0,1,4.0,0.0,0.0,0.0,2.0,-999.0,0.0,0.0
13,9.0,1.0,5.0,1,4.0,0.0,0.0,0.0,2.0,-999.0,0.0,0.0
13,1.0,0.0,5.0,3,3.0,1.0,0.0,0.0,1.0,-999.0,0.5354,1440.0
13,5.0,0.0,4.0,3,4.0,0.0,0.0,0.0,1.0,-999.0,0.8646,10800.0
13,6.0,1.0,5.0,3,4.0,0.0,0.0,0.0,2.0,1.0,0.0,0.0
13,4.0,0.0,5.0,3,3.0,0.0,0.0,0.0,1.0,-999.0,0.0,0.0
13,7.0,0.0,5.0,1,4.0,0.0,0.0,0.0,1.0,1.0,0.0,0.0
13,7.0,0.0,2.0,1,4.0,3.0,0.0,0.0,1.0,1.0,0.6897,3120.0
13,4.0,0.0,5.0,3,2.0,1.0,0.0,0.0,1.0,1.0,0.0,0.0
13,7.0,1.0,4.0,3,4.0,0.0,0.0,0.0,2.0,-999.0,0.0,0.0
13,4.0,1.0,5.0,3,3.0,0.0,0.0,0.0,2.0,-999.0,0.0,0.0
5,9.0,1.0,5.0,1,4.0,0.0,0.0,0.0,2.0,1.0,0.9989,3628800.0
13,9.0,0.0,5.0,1,3.0,0.0,0.0,0.0,1.0,-999.0,0.0,0.0
13,8.0,1.0,4.0,1,3.0,0.0,0.0,0.0,2.0,1.0,0.675,2880.0
13,9.0,0.0,5.0,1,4.0,0.0,1.0,0.0,1.0,-999.0,0.0,0.0
13,10.0,1.0,-999.0,1,4.0,0.0,0.0,0.0,2.0,1.0,0.0,0.0
13,8.0,0.0,5.0,1,3.0,4.0,0.0,0.0,1.0,-999.0,0.0,0.0
13,8.0,1.0,5.0,3,4.0,0.0,0.0,0.0,2.0,1.0,0.0,0.0
13,8.0,0.0,2.0,1,4.0,0.0,1.0,-999.0,1.0,1.0,0.8415,8688.0
13,1.0,1.0,5.0,3,4.0,1.0,0.0,0.0,2.0,-999.0,0.8054,6480.0
13,7.0,0.0,5.0,3,4.0,2.0,0.0,0.0,1.0,-999.0,0.8729,11760.0
13,5.0,4.0,5.0,3,3.0,1.0,3.0,0.0,1.0,1.0,0.9963,889200.0
13,1.0,1.0,5.0,3,3.0,2.0,0.0,0.0,2.0,-999.0,0.0,0.0
13,9.0,0.0,5.0,3,4.0,0.0,0.0,0.0,1.0,-999.0,0.0,0.0
13,4.0,1.0,5.0,3,3.0,0.0,2.0,0.0,2.0,1.0,0.2141,264.0
13,2.0,0.0,6.0,3,1.0,2.0,0.0,1.0,1.0,1.0,0.9886,232560.0
40,6.0,1.0,5.0,3,3.0,0.0,0.0,1.0,2.0,0.0,0.9441,33864.0
13,7.0,1.0,5.0,3,3.0,0.0,-999.0,1.0,2.0,1.0,0.0,0.0
13,4.0,1.0,4.0,1,2.0,0.0,0.0,0.0,2.0,1.0,0.977,100080.0
13,10.0,1.0,6.0,1,4.0,0.0,0.0,0.0,2.0,-999.0,0.0,0.0
13,8.0,1.0,4.0,3,3.0,0.0,0.0,0.0,2.0,-999.0,0.0,0.0
13,4.0,1.0,2.0,3,3.0,0.0,0.0,0.0,2.0,-999.0,0.0,0.0
13,4.0,1.0,4.0,3,3.0,0.0,0.0,0.0,2.0,1.0,0.0,0.0
13,8.0,0.0,5.0,3,4.0,0.0,0.0,-999.0,1.0,-999.0,0.0,0.0
13,8.0,1.0,4.0,1,4.0,0.0,0.0,0.0,2.0,-999.0,0.39,720.0
13,4.0,1.0,2.0,3,3.0,0.0,0.0,0.0,2.0,-999.0,0.0,0.0
13,9.0,1.0,4.0,1,1.0,0.0,0.0,0.0,2.0,-999.0,0.8948,15120.0
13,9.0,0.0,2.0,1,3.0,3.0,0.0,0.0,1.0,1.0,0.9552,44640.0
13,4.0,1.0,5.0,3,3.0,0.0,0.0,0.0,2.0,1.0,0.0,0.0
13,4.0,1.0,5.0,3,3.0,0.0,0.0,0.0,2.0,1.0,0.0,0.0
13,9.0,1.0,5.0,3,4.0,0.0,0.0,0.0,2.0,-999.0,0.0,0.0
13,10.0,1.0,5.0,1,3.0,1.0,0.0,1.0,2.0,1.0,0.0,0.0
13,7.0,0.0,5.0,1,4.0,3.0,0.0,0.0,1.0,1.0,0.0,0.0
13,7.0,0.0,5.0,3,3.0,0.0,0.0,0.0,1.0,-999.0,0.0,0.0
13,6.0,0.0,2.0,3,3.0,0.0,0.0,0.0,1.0,1.0,0.0,0.0
40,9.0,1.0,5.0,1,4.0,1.0,0.0,1.0,2.0,0.0,0.9814,129600.0
13,8.0,1.0,4.0,1,4.0,1.0,0.0,0.0,2.0,-999.0,0.8576,10080.0
13,6.0,1.0,5.0,3,3.0,0.0,0.0,0.0,2.0,-999.0,0.0,0.0
13,4.0,1.0,2.0,3,3.0,0.0,0.0,0.0,2.0,1.0,0.0,0.0
13,1.0,1.0,2.0,3,3.0,2.0,0.0,0.0,2.0,1.0,0.0,0.0
13,9.0,1.0,6.0,3,4.0,0.0,0.0,0.0,2.0,-999.0,0.0,0.0
13,5.0,1.0,4.0,3,0.0,1.0,0.0,0.0,2.0,-999.0,0.9157,20160.0
13,4.0,1.0,5.0,3,4.0,0.0,0.0,0.0,2.0,-999.0,0.0,0.0
13,6.0,0.0,5.0,3,3.0,0.0,0.0,0.0,1.0,1.0,0.0,0.0
13,6.0,0.0,5.0,3,4.0,3.0,0.0,0.0,1.0,1.0,0.0,0.0
13,7.0,1.0,5.0,3,4.0,0.0,0.0,0.0,2.0,1.0,0.0,0.0
13,7.0,1.0,4.0,3,4.0,0.0,0.0,-999.0,2.0,1.0,0.0,0.0
13,1.0,1.0,2.0,3,3.0,4.0,0.0,0.0,2.0,1.0,0.9157,20160.0
13,7.0,0.0,5.0,1,3.0,0.0,0.0,0.0,1.0,-999.0,0.0,0.0
13,8.0,1.0,5.0,0,1.0,4.0,0.0,0.0,2.0,-999.0,0.9841,156240.0
13,7.0,1.0,5.0,3,4.0,0.0,0.0,-999.0,2.0,-999.0,0.0,0.0
13,6.0,0.0,5.0,3,3.0,0.0,0.0,0.0,1.0,-999.0,0.0,0.0
28,8.0,0.0,2.0,1,4.0,0.0,0.0,0.0,1.0,1.0,0.9989,3628896.0
13,7.0,1.0,5.0,1,2.0,3.0,-999.0,2.0,2.0,-999.0,0.9949,604800.0
13,8.0,1.0,2.0,1,4.0,0.0,0.0,0.0,2.0,1.0,0.0,0.0
13,5.0,1.0,5.0,3,3.0,2.0,0.0,0.0,2.0,-999.0,0.0,0.0
13,4.0,1.0,5.0,3,3.0,0.0,0.0,0.0,2.0,1.0,0.0,0.0
13,4.0,1.0,5.0,3,3.0,0.0,0.0,0.0,2.0,1.0,0.0,0.0
13,6.0,0.0,2.0,1,4.0,0.0,0.0,0.0,1.0,1.0,0.0,0.0
13,6.0,1.0,4.0,1,3.0,0.0,0.0,0.0,2.0,-999.0,0.1223,120.0
13,6.0,1.0,5.0,3,3.0,0.0,1.0,0.0,2.0,-999.0,0.0,0.0
13,3.0,1.0,4.0,3,3.0,1.0,0.0,0.0,2.0,-999.0,0.7697,5040.0
13,6.0,0.0,5.0,3,3.0,0.0,0.0,0.0,1.0,-999.0,0.0,0.0
13,9.0,1.0,5.0,3,3.0,0.0,0.0,0.0,2.0,-999.0,0.0,0.0
13,8.0,1.0,5.0,3,3.0,0.0,1.0,0.0,2.0,1.0,0.6586,2640.0
13,5.0,1.0,5.0,3,3.0,0.0,0.0,0.0,2.0,-999.0,0.0,0.0
13,4.0,1.0,5.0,3,1.0,4.0,-999.0,0.0,2.0,1.0,0.7831,5520.0
13,1.0,0.0,5.0,3,3.0,2.0,0.0,0.0,1.0,-999.0,0.0,0.0
13,4.0,0.0,2.0,3,3.0,0.0,0.0,0.0,1.0,1.0,0.0,0.0
13,2.0,0.0,4.0,3,4.0,2.0,-999.0,0.0,1.0,-999.0,0.9827,141120.0
13,5.0,0.0,4.0,1,0.0,3.0,0.0,0.0,1.0,1.0,0.9802,120240.0
13,10.0,0.0,5.0,1,3.0,0.0,0.0,0.0,1.0,-999.0,0.0,0.0
13,-999.0,1.0,4.0,3,3.0,3.0,-999.0,0.0,2.0,1.0,0.0,0.0
13,8.0,1.0,5.0,1,4.0,3.0,0.0,0.0,2.0,1.0,0.0,0.0
13,6.0,1.0,4.0,3,1.0,0.0,0.0,0.0,2.0,1.0,0.7697,5040.0
13,7.0,0.0,4.0,3,3.0,0.0,0.0,0.0,1.0,-999.0,0.5354,1440.0
13,8.0,1.0,5.0,3,4.0,0.0,-999.0,0.0,2.0,-999.0,0.0,0.0
13,5.0,1.0,5.0,3,3.0,0.0,1.0,0.0,2.0,1.0,0.0,0.0
13,9.0,1.0,5.0,1,4.0,3.0,0.0,0.0,2.0,-999.0,0.0,0.0
13,5.0,0.0,2.0,1,4.0,3.0,-999.0,2.0,1.0,1.0,0.9933,434880.0
13,5.0,0.0,6.0,3,3.0,-999.0,0.0,0.0,1.0,1.0,0.0,0.0
13,5.0,1.0,5.0,3,3.0,1.0,0.0,0.0,2.0,-999.0,0.0,0.0
13,7.0,0.0,1.0,3,3.0,0.0,0.0,1.0,1.0,-999.0,0.9934,443520.0
13,8.0,0.0,5.0,1,3.0,0.0,0.0,0.0,1.0,1.0,0.0,0.0
13,10.0,1.0,4.0,3,0.0,2.0,0.0,0.0,2.0,-999.0,0.9558,45360.0
13,8.0,1.0,4.0,1,3.0,4.0,0.0,0.0,2.0,0.0,0.9851,168480.0
13,7.0,0.0,5.0,3,4.0,0.0,0.0,0.0,1.0,1.0,0.0,0.0
13,5.0,1.0,5.0,3,3.0,0.0,0.0,0.0,2.0,1.0,0.0,0.0
13,7.0,1.0,5.0,3,4.0,4.0,0.0,0.0,2.0,-999.0,0.0,0.0
13,7.0,0.0,5.0,3,3.0,3.0,1.0,0.0,1.0,1.0,0.9514,40320.0
13,8.0,0.0,5.0,1,3.0,3.0,0.0,0.0,1.0,-999.0,0.0,0.0
13,10.0,1.0,5.0,1,3.0,1.0,0.0,0.0,2.0,-999.0,0.0,0.0
13,4.0,0.0,5.0,3,3.0,0.0,-999.0,0.0,1.0,1.0,0.0,0.0
13,10.0,0.0,5.0,1,3.0,3.0,0.0,0.0,1.0,-999.0,0.0,0.0
13,9.0,1.0,4.0,3,4.0,3.0,0.0,0.0,2.0,-999.0,0.7697,5040.0
13,7.0,1.0,5.0,1,4.0,0.0,2.0,0.0,2.0,1.0,0.5678,1680.0
13,7.0,1.0,5.0,1,3.0,3.0,0.0,0.0,2.0,-999.0,0.0,0.0
13,7.0,0.0,6.0,3,3.0,0.0,0.0,0.0,1.0,-999.0,0.7892,5760.0
13,6.0,0.0,2.0,3,3.0,0.0,0.0,0.0,1.0,1.0,0.0,0.0
13,8.0,0.0,5.0,3,3.0,0.0,0.0,0.0,1.0,-999.0,0.0,0.0
13,10.0,0.0,5.0,1,3.0,0.0,0.0,0.0,2.0,-999.0,0.9803,120960.0
13,7.0,1.0,2.0,3,3.0,3.0,0.0,0.0,2.0,1.0,0.8054,6480.0
13,10.0,0.0,4.0,1,1.0,0.0,0.0,0.0,1.0,1.0,0.9516,40560.0
13,8.0,1.0,5.0,3,4.0,0.0,0.0,0.0,2.0,1.0,0.0,0.0
40,7.0,0.0,5.0,1,1.0,4.0,0.0,1.0,1.0,0.0,0.9938,482400.0
13,5.0,1.0,5.0,3,3.0,0.0,0.0,0.0,2.0,-999.0,0.0,0.0
13,8.0,1.0,5.0,3,4.0,0.0,0.0,0.0,2.0,-999.0,0.0,0.0
13,7.0,1.0,5.0,1,3.0,1.0,0.0,-999.0,2.0,-999.0,0.0,0.0
13,5.0,1.0,5.0,3,3.0,0.0,0.0,0.0,2.0,-999.0,0.0,0.0
13,6.0,1.0,5.0,1,3.0,2.0,0.0,1.0,2.0,-999.0,0.9153,20040.0
13,5.0,0.0,5.0,1,3.0,0.0,0.0,1.0,1.0,1.0,0.9157,20160.0
13,7.0,1.0,5.0,3,3.0,0.0,0.0,0.0,2.0,-999.0,0.0,0.0
13,7.0,1.0,1.0,3,3.0,0.0,0.0,0.0,2.0,-999.0,0.975,90720.0
13,8.0,-999.0,5.0,1,3.0,0.0,0.0,0.0,2.0,1.0,0.0,0.0
13,9.0,1.0,5.0,1,4.0,0.0,0.0,0.0,2.0,-999.0,0.0,0.0
13,9.0,0.0,5.0,1,3.0,3.0,0.0,0.0,1.0,1.0,0.0,0.0
13,9.0,0.0,5.0,1,4.0,3.0,0.0,0.0,1.0,-999.0,0.0,0.0
13,6.0,1.0,5.0,1,1.0,4.0,0.0,0.0,2.0,-999.0,0.8948,15120.0
13,5.0,1.0,5.0,3,4.0,0.0,0.0,0.0,2.0,-999.0,0.0,0.0
13,1.0,0.0,4.0,3,0.0,4.0,0.0,0.0,1.0,-999.0,0.0,0.0
13,5.0,1.0,5.0,3,3.0,3.0,0.0,0.0,2.0,-999.0,0.0,0.0
13,6.0,0.0,5.0,3,3.0,0.0,1.0,1.0,1.0,-999.0,0.0,0.0
13,1.0,0.0,5.0,3,1.0,2.0,0.0,0.0,1.0,-999.0,0.0,0.0
13,5.0,1.0,5.0,3,3.0,0.0,0.0,0.0,2.0,1.0,0.0,0.0
13,4.0,1.0,5.0,3,4.0,2.0,0.0,0.0,2.0,-999.0,0.4494,960.0
13,10.0,0.0,5.0,3,3.0,0.0,0.0,0.0,1.0,-999.0,0.8576,10080.0
13,8.0,0.0,5.0,1,4.0,2.0,0.0,1.0,1.0,1.0,0.9721,79440.0
13,7.0,0.0,5.0,3,3.0,0.0,0.0,0.0,1.0,1.0,0.0077,4.0
13,9.0,1.0,5.0,3,4.0,0.0,0.0,0.0,2.0,-999.0,0.0,0.0
13,9.0,1.0,6.0,2,4.0,3.0,0.0,0.0,2.0,-999.0,0.9954,685440.0
13,8.0,1.0,5.0,1,4.0,0.0,0.0,0.0,2.0,-999.0,0.0,0.0
13,6.0,0.0,4.0,1,0.0,0.0,0.0,0.0,1.0,-999.0,0.9172,20640.0
13,8.0,1.0,5.0,3,4.0,0.0,0.0,0.0,2.0,-999.0,0.0,0.0
13,4.0,0.0,5.0,3,3.0,0.0,0.0,0.0,1.0,-999.0,0.0,0.0
13,10.0,0.0,5.0,1,4.0,3.0,0.0,0.0,1.0,-999.0,0.0,0.0
13,6.0,1.0,5.0,3,4.0,0.0,2.0,0.0,2.0,-999.0,0.0,0.0
13,8.0,1.0,5.0,1,4.0,0.0,0.0,1.0,2.0,-999.0,0.0,0.0
13,6.0,0.0,5.0,0,4.0,4.0,0.0,0.0,1.0,1.0,0.9951,624960.0
13,6.0,1.0,4.0,3,2.0,0.0,0.0,0.0,2.0,-999.0,0.9514,40320.0
13,7.0,1.0,5.0,3,3.0,2.0,0.0,0.0,2.0,-999.0,0.7766,5280.0
13,8.0,1.0,5.0,3,4.0,0.0,0.0,0.0,2.0,1.0,0.0,0.0
13,3.0,1.0,5.0,3,4.0,2.0,0.0,0.0,2.0,-999.0,0.0,0.0
13,4.0,1.0,2.0,3,3.0,0.0,0.0,0.0,2.0,1.0,0.0,0.0
23,9.0,1.0,5.0,3,0.0,0.0,0.0,0.0,2.0,1.0,0.9981,1975680.0
13,9.0,0.0,5.0,3,3.0,0.0,1.0,0.0,1.0,-999.0,0.0,0.0
13,5.0,0.0,4.0,3,2.0,0.0,0.0,0.0,1.0,1.0,0.9804,121680.0
13,6.0,1.0,4.0,3,3.0,0.0,0.0,0.0,2.0,1.0,0.0,0.0
13,9.0,1.0,5.0,1,3.0,1.0,0.0,0.0,2.0,1.0,0.7697,5040.0
13,4.0,1.0,4.0,3,3.0,0.0,0.0,0.0,2.0,1.0,0.0,0.0
13,6.0,0.0,5.0,1,4.0,3.0,0.0,0.0,1.0,1.0,0.0,0.0
13,10.0,0.0,5.0,3,4.0,3.0,0.0,0.0,1.0,-999.0,0.0,0.0
15,1.0,1.0,2.0,1,4.0,1.0,0.0,0.0,2.0,-999.0,0.9989,3674160.0
13,5.0,1.0,6.0,3,4.0,2.0,0.0,1.0,2.0,-999.0,0.9651,60480.0
13,7.0,0.0,5.0,2,3.0,0.0,0.0,0.0,1.0,1.0,0.9894,252000.0
13,10.0,0.0,5.0,1,4.0,0.0,0.0,0.0,1.0,1.0,0.0,0.0
13,6.0,1.0,5.0,3,4.0,0.0,0.0,0.0,2.0,-999.0,0.0,0.0
13,6.0,1.0,4.0,3,1.0,0.0,-999.0,0.0,2.0,-999.0,0.0,0.0
13,8.0,1.0,4.0,1,3.0,0.0,0.0,0.0,2.0,-999.0,0.0,0.0
13,8.0,1.0,5.0,1,4.0,-999.0,0.0,0.0,2.0,1.0,0.0,0.0
13,-999.0,1.0,5.0,3,2.0,2.0,2.0,0.0,2.0,-999.0,0.9625,55440.0
13,8.0,0.0,4.0,3,1.0,3.0,1.0,0.0,1.0,-999.0,0.9823,137520.0
13,8.0,1.0,5.0,1,4.0,0.0,0.0,0.0,2.0,1.0,0.0,0.0
13,8.0,0.0,5.0,3,3.0,3.0,0.0,0.0,1.0,1.0,0.2008,240.0
13,7.0,1.0,5.0,1,4.0,0.0,0.0,0.0,2.0,-999.0,0.0,0.0
13,10.0,1.0,4.0,1,4.0,0.0,0.0,0.0,2.0,-999.0,0.0,0.0
40,7.0,0.0,5.0,1,4.0,0.0,0.0,1.0,1.0,0.0,0.969,69864.0
13,10.0,1.0,5.0,1,4.0,0.0,0.0,0.0,2.0,-999.0,0.0,0.0
13,6.0,1.0,4.0,3,3.0,0.0,0.0,0.0,2.0,-999.0,0.0,0.0
13,9.0,1.0,6.0,1,4.0,0.0,0.0,1.0,2.0,1.0,0.7653,4896.0
13,5.0,1.0,4.0,3,3.0,2.0,0.0,0.0,2.0,1.0,0.5354,1440.0
13,7.0,1.0,4.0,1,4.0,1.0,0.0,0.0,2.0,-999.0,0.6192,2160.0
13,10.0,1.0,5.0,1,3.0,0.0,0.0,0.0,2.0,1.0,0.0,0.0
13,10.0,1.0,5.0,1,4.0,1.0,0.0,0.0,2.0,1.0,0.0,0.0
13,5.0,1.0,2.0,3,3.0,2.0,0.0,0.0,2.0,1.0,0.7697,5040.0
22,8.0,1.0,5.0,1,4.0,0.0,0.0,0.0,2.0,0.0,0.9878,215280.0
13,6.0,1.0,4.0,3,3.0,0.0,0.0,0.0,2.0,-999.0,0.0,0.0
13,5.0,1.0,4.0,3,4.0,1.0,0.0,0.0,2.0,-999.0,0.7697,5040.0
13,7.0,1.0,5.0,1,2.0,3.0,0.0,0.0,2.0,-999.0,0.0,0.0
13,7.0,1.0,5.0,1,2.0,3.0,0.0,0.0,2.0,-999.0,0.0,0.0
13,9.0,0.0,5.0,1,4.0,0.0,0.0,0.0,1.0,-999.0,0.0,0.0
13,6.0,1.0,5.0,3,4.0,0.0,0.0,0.0,2.0,1.0,0.0,0.0
13,4.0,1.0,5.0,3,3.0,0.0,0.0,0.0,2.0,-999.0,0.0,0.0
13,7.0,1.0,5.0,3,4.0,0.0,0.0,1.0,2.0,1.0,0.0,0.0
13,7.0,1.0,2.0,1,4.0,0.0,0.0,0.0,2.0,1.0,0.7262,3840.0
13,6.0,0.0,5.0,3,3.0,0.0,0.0,0.0,1.0,-999.0,0.0,0.0
13,7.0,0.0,5.0,3,4.0,0.0,0.0,0.0,1.0,-999.0,0.0,0.0
13,10.0,1.0,2.0,3,3.0,2.0,-999.0,0.0,2.0,-999.0,0.0,0.0
13,8.0,1.0,5.0,1,0.0,0.0,0.0,0.0,2.0,-999.0,0.9724,80640.0
13,10.0,1.0,5.0,1,4.0,0.0,0.0,0.0,2.0,-999.0,0.0,0.0
13,2.0,0.0,2.0,3,3.0,4.0,0.0,0.0,1.0,-999.0,0.9594,50400.0
13,5.0,1.0,2.0,3,1.0,0.0,0.0,1.0,2.0,1.0,0.9796,115920.0
13,3.0,1.0,4.0,3,3.0,3.0,0.0,0.0,2.0,1.0,0.9387,30240.0
13,10.0,1.0,5.0,1,3.0,3.0,0.0,0.0,2.0,1.0,0.5354,1440.0
13,9.0,0.0,4.0,3,4.0,0.0,0.0,0.0,1.0,-999.0,0.5354,1440.0
13,6.0,1.0,5.0,1,3.0,4.0,0.0,0.0,2.0,1.0,0.0,0.0
29,6.0,1.0,2.0,3,4.0,0.0,-999.0,-999.0,2.0,0.0,0.9989,3638880.0
13,10.0,1.0,5.0,1,3.0,0.0,0.0,0.0,2.0,-999.0,0.0,0.0
13,7.0,0.0,5.0,3,4.0,0.0,0.0,0.0,2.0,1.0,0.9771,100800.0
13,5.0,1.0,5.0,3,0.0,0.0,0.0,0.0,2.0,-999.0,0.7697,5040.0
13,8.0,0.0,5.0,1,3.0,1.0,0.0,0.0,1.0,1.0,0.5354,1440.0
13,10.0,1.0,5.0,1,4.0,0.0,0.0,0.0,2.0,1.0,0.0,0.0
13,10.0,1.0,5.0,1,4.0,0.0,0.0,0.0,2.0,-999.0,0.0,0.0
13,10.0,1.0,2.0,1,4.0,0.0,0.0,0.0,2.0,1.0,0.0,0.0
13,9.0,1.0,5.0,1,4.0,0.0,0.0,0.0,2.0,-999.0,0.0,0.0
26,10.0,0.0,5.0,1,3.0,0.0,0.0,0.0,1.0,1.0,0.9989,3628800.0
13,10.0,1.0,5.0,1,4.0,0.0,0.0,0.0,2.0,-999.0,0.0,0.0
13,7.0,0.0,4.0,3,4.0,0.0,0.0,1.0,1.0,-999.0,0.9694,71040.0
40,2.0,1.0,6.0,3,0.0,3.0,0.0,1.0,2.0,0.0,0.9971,1181520.0
13,-999.0,1.0,5.0,3,1.0,2.0,3.0,0.0,2.0,1.0,0.9833,147600.0
13,4.0,0.0,5.0,3,1.0,0.0,2.0,0.0,1.0,1.0,0.9687,69120.0
13,10.0,1.0,5.0,1,4.0,3.0,1.0,0.0,2.0,-999.0,0.9724,80640.0
13,9.0,1.0,5.0,3,4.0,0.0,0.0,0.0,2.0,-999.0,0.0,0.0
13,8.0,0.0,5.0,1,4.0,0.0,0.0,1.0,1.0,1.0,0.6004,1968.0
13,8.0,0.0,5.0,3,2.0,0.0,2.0,0.0,1.0,1.0,0.9786,109200.0
13,8.0,1.0,5.0,1,4.0,1.0,1.0,0.0,2.0,1.0,0.9657,61920.0
13,5.0,0.0,4.0,3,1.0,1.0,0.0,0.0,1.0,-999.0,0.8948,15120.0
13,10.0,0.0,5.0,1,4.0,3.0,1.0,0.0,1.0,-999.0,0.0,0.0
13,5.0,0.0,2.0,3,3.0,0.0,0.0,0.0,1.0,1.0,0.3117,480.0
13,9.0,0.0,5.0,3,4.0,0.0,1.0,0.0,1.0,-999.0,0.0,0.0
13,7.0,1.0,5.0,3,3.0,0.0,2.0,0.0,2.0,-999.0,0.0,0.0
13,9.0,0.0,5.0,1,4.0,4.0,0.0,0.0,1.0,1.0,0.7456,4320.0
13,8.0,1.0,5.0,3,3.0,0.0,0.0,0.0,2.0,-999.0,0.0,0.0
39,8.0,0.0,6.0,3,3.0,0.0,0.0,1.0,1.0,1.0,0.9989,3631800.0
13,7.0,1.0,5.0,3,3.0,0.0,0.0,0.0,2.0,-999.0,0.0,0.0
13,8.0,0.0,5.0,1,4.0,1.0,0.0,0.0,1.0,1.0,0.0,0.0
0,4.0,1.0,4.0,3,1.0,0.0,0.0,0.0,2.0,-999.0,0.9943,524160.0
13,8.0,0.0,5.0,3,4.0,0.0,0.0,0.0,1.0,1.0,0.0,0.0
13,6.0,1.0,4.0,3,4.0,1.0,0.0,0.0,2.0,1.0,0.819,7200.0
13,10.0,0.0,5.0,1,4.0,4.0,1.0,0.0,1.0,-999.0,0.981,126240.0
13,10.0,1.0,1.0,3,4.0,0.0,1.0,0.0,2.0,1.0,0.9962,846720.0
13,7.0,0.0,5.0,3,4.0,0.0,0.0,0.0,1.0,-999.0,0.0,0.0
40,10.0,1.0,5.0,1,4.0,0.0,0.0,1.0,2.0,1.0,0.9451,34680.0
13,8.0,0.0,4.0,3,4.0,0.0,0.0,0.0,1.0,1.0,0.7456,4320.0
13,5.0,0.0,6.0,3,3.0,0.0,0.0,0.0,1.0,-999.0,0.3117,480.0
13,1.0,1.0,5.0,3,1.0,3.0,0.0,0.0,2.0,-999.0,0.9514,40320.0
13,10.0,1.0,4.0,1,4.0,3.0,0.0,0.0,2.0,1.0,0.9322,26640.0
13,10.0,1.0,5.0,1,4.0,1.0,0.0,0.0,2.0,-999.0,0.0,0.0
13,8.0,1.0,4.0,3,3.0,0.0,0.0,0.0,2.0,-999.0,0.0,0.0
13,2.0,1.0,4.0,3,3.0,2.0,0.0,0.0,2.0,-999.0,0.9724,80640.0
13,9.0,0.0,5.0,1,4.0,3.0,0.0,0.0,1.0,1.0,0.0,0.0
13,7.0,0.0,5.0,3,4.0,3.0,0.0,0.0,1.0,1.0,0.0,0.0
13,10.0,0.0,5.0,1,3.0,0.0,1.0,0.0,1.0,-999.0,0.0,0.0
13,10.0,1.0,5.0,1,4.0,3.0,0.0,0.0,2.0,1.0,0.0,0.0
13,10.0,0.0,5.0,1,4.0,0.0,0.0,0.0,1.0,1.0,0.0,0.0
22,4.0,1.0,6.0,3,1.0,3.0,0.0,0.0,2.0,0.0,0.998,1834560.0
13,8.0,1.0,4.0,2,1.0,1.0,3.0,0.0,2.0,-999.0,0.997,1149120.0
13,1.0,0.0,5.0,3,3.0,2.0,-999.0,0.0,1.0,-999.0,0.0,0.0
40,4.0,1.0,5.0,3,3.0,0.0,3.0,1.0,2.0,0.0,0.9799,118080.0
13,9.0,1.0,5.0,1,4.0,0.0,0.0,0.0,2.0,1.0,0.0,0.0
13,9.0,0.0,5.0,1,4.0,3.0,0.0,0.0,1.0,1.0,0.0,0.0
13,9.0,0.0,6.0,1,3.0,0.0,1.0,1.0,1.0,1.0,0.9833,147600.0
13,9.0,0.0,5.0,3,4.0,0.0,0.0,0.0,1.0,-999.0,0.0,0.0
13,7.0,1.0,5.0,3,3.0,0.0,-999.0,0.0,2.0,1.0,0.0,0.0
13,4.0,1.0,7.0,3,3.0,0.0,0.0,1.0,2.0,1.0,0.9791,112320.0
13,5.0,0.0,5.0,3,3.0,4.0,3.0,1.0,1.0,1.0,0.9933,438000.0
13,10.0,1.0,4.0,1,4.0,0.0,0.0,0.0,2.0,1.0,0.0,0.0
13,6.0,0.0,5.0,1,4.0,4.0,0.0,0.0,1.0,1.0,0.5821,1800.0
13,10.0,1.0,5.0,1,4.0,0.0,0.0,0.0,2.0,-999.0,0.0,0.0
13,1.0,1.0,6.0,3,3.0,2.0,0.0,1.0,2.0,1.0,0.942,32400.0
13,8.0,0.0,5.0,3,4.0,3.0,2.0,2.0,1.0,-999.0,0.996,803520.0
13,8.0,1.0,5.0,3,4.0,3.0,0.0,0.0,2.0,-999.0,0.0,0.0
13,3.0,0.0,5.0,3,3.0,3.0,0.0,0.0,1.0,-999.0,0.2008,240.0
13,5.0,1.0,5.0,3,3.0,2.0,0.0,0.0,2.0,-999.0,0.0,0.0
13,8.0,0.0,5.0,3,1.0,3.0,0.0,0.0,1.0,1.0,0.6192,2160.0
13,2.0,1.0,4.0,3,4.0,1.0,-999.0,0.0,2.0,-999.0,0.9132,19440.0
13,-999.0,1.0,4.0,1,4.0,3.0,0.0,0.0,2.0,-999.0,0.0,0.0
13,9.0,1.0,5.0,1,4.0,1.0,0.0,0.0,2.0,-999.0,0.0,0.0
13,5.0,1.0,5.0,3,3.0,0.0,0.0,0.0,2.0,-999.0,0.0,0.0
13,10.0,0.0,5.0,1,4.0,0.0,1.0,0.0,1.0,1.0,0.0,0.0
13,7.0,1.0,5.0,3,4.0,0.0,2.0,0.0,2.0,-999.0,0.0,0.0
13,1.0,1.0,4.0,3,3.0,4.0,3.0,0.0,2.0,-999.0,0.9919,347760.0
13,4.0,1.0,2.0,3,3.0,0.0,0.0,0.0,2.0,1.0,0.0,0.0
13,8.0,1.0,5.0,3,4.0,0.0,0.0,1.0,2.0,1.0,0.0,0.0
13,5.0,1.0,4.0,3,3.0,0.0,0.0,0.0,2.0,-999.0,0.0,0.0
13,8.0,0.0,5.0,1,4.0,3.0,0.0,0.0,1.0,-999.0,0.0,0.0
13,6.0,1.0,5.0,3,4.0,3.0,0.0,0.0,2.0,1.0,0.0,0.0
0,-999.0,1.0,2.0,0,-999.0,-999.0,0.0,0.0,2.0,-999.0,0.9903,282240.0
13,6.0,0.0,1.0,3,3.0,0.0,0.0,-999.0,1.0,1.0,0.9916,332640.0
6,10.0,1.0,2.0,1,4.0,0.0,0.0,0.0,2.0,0.0,0.9782,107280.0
13,4.0,0.0,5.0,1,3.0,2.0,0.0,0.0,1.0,-999.0,0.9459,35280.0
13,5.0,1.0,5.0,3,4.0,1.0,0.0,0.0,2.0,-999.0,0.0,0.0
13,9.0,1.0,5.0,1,3.0,0.0,0.0,0.0,2.0,1.0,0.0,0.0
32,10.0,0.0,5.0,1,-999.0,0.0,0.0,0.0,1.0,0.0,0.9934,443520.0
13,7.0,1.0,5.0,3,4.0,3.0,0.0,0.0,2.0,-999.0,0.0,0.0
13,9.0,1.0,2.0,1,3.0,0.0,0.0,0.0,2.0,1.0,0.0,0.0
13,8.0,0.0,5.0,3,4.0,0.0,2.0,0.0,1.0,-999.0,0.0,0.0
13,8.0,1.0,5.0,1,4.0,0.0,3.0,0.0,2.0,-999.0,0.9673,65520.0
13,4.0,1.0,5.0,3,3.0,0.0,0.0,0.0,2.0,-999.0,0.0,0.0
13,8.0,0.0,5.0,1,1.0,3.0,0.0,0.0,1.0,1.0,0.5354,1440.0
13,6.0,1.0,5.0,3,3.0,0.0,0.0,0.0,2.0,1.0,0.0,0.0
13,10.0,1.0,5.0,1,4.0,-999.0,0.0,0.0,2.0,-999.0,0.0,0.0
13,1.0,1.0,6.0,3,2.0,4.0,0.0,0.0,2.0,-999.0,0.9804,121680.0
13,7.0,1.0,4.0,3,3.0,3.0,0.0,0.0,2.0,1.0,0.9157,20160.0
13,9.0,0.0,5.0,1,4.0,3.0,-999.0,0.0,1.0,-999.0,0.0,0.0
13,10.0,1.0,5.0,1,4.0,3.0,0.0,0.0,2.0,1.0,0.0,0.0
13,9.0,1.0,5.0,1,1.0,0.0,0.0,0.0,2.0,-999.0,0.5678,1680.0
13,10.0,1.0,5.0,1,4.0,3.0,0.0,0.0,2.0,-999.0,0.0,0.0
13,4.0,1.0,2.0,3,3.0,0.0,0.0,0.0,2.0,1.0,0.0,0.0
13,6.0,1.0,5.0,3,4.0,0.0,1.0,0.0,2.0,1.0,0.8605,10368.0
13,5.0,0.0,5.0,3,3.0,0.0,0.0,0.0,1.0,-999.0,0.0,0.0
13,6.0,0.0,4.0,3,3.0,2.0,0.0,0.0,1.0,1.0,0.9492,38160.0
13,6.0,0.0,5.0,1,3.0,1.0,0.0,0.0,1.0,1.0,0.3538,600.0
13,10.0,1.0,5.0,1,4.0,0.0,0.0,0.0,2.0,1.0,0.0,0.0
13,6.0,1.0,6.0,3,4.0,0.0,0.0,0.0,2.0,-999.0,0.7831,5520.0
13,6.0,1.0,4.0,3,4.0,0.0,0.0,0.0,2.0,-999.0,0.0,0.0
13,7.0,1.0,5.0,3,4.0,0.0,0.0,0.0,2.0,1.0,0.0,0.0
13,10.0,1.0,5.0,1,4.0,0.0,0.0,0.0,2.0,-999.0,0.0,0.0
13,4.0,0.0,6.0,3,3.0,0.0,0.0,0.0,1.0,1.0,0.7543,4560.0
13,5.0,1.0,5.0,3,3.0,0.0,2.0,0.0,2.0,1.0,0.5354,1440.0
13,4.0,1.0,4.0,3,3.0,0.0,0.0,0.0,2.0,1.0,0.0,0.0
13,10.0,0.0,5.0,1,4.0,1.0,0.0,-999.0,1.0,1.0,0.0,0.0
13,6.0,1.0,5.0,3,4.0,0.0,1.0,0.0,2.0,-999.0,0.0,0.0
13,6.0,0.0,5.0,3,4.0,0.0,1.0,0.0,1.0,-999.0,0.0,0.0
13,6.0,1.0,5.0,3,3.0,0.0,0.0,0.0,2.0,-999.0,0.0,0.0
13,6.0,1.0,5.0,3,4.0,0.0,0.0,0.0,2.0,-999.0,0.0,0.0
13,9.0,0.0,7.0,1,4.0,0.0,0.0,1.0,1.0,1.0,0.0,0.0
13,7.0,1.0,5.0,3,4.0,0.0,0.0,0.0,2.0,-999.0,0.0,0.0
13,6.0,0.0,2.0,3,4.0,0.0,-999.0,0.0,1.0,-999.0,0.0,0.0
13,8.0,1.0,5.0,1,3.0,0.0,0.0,0.0,2.0,-999.0,0.0,0.0
13,6.0,1.0,5.0,1,2.0,0.0,0.0,0.0,2.0,-999.0,0.0,0.0
13,7.0,1.0,5.0,3,3.0,0.0,0.0,0.0,2.0,-999.0,0.0,0.0
13,6.0,0.0,2.0,3,3.0,0.0,-999.0,0.0,1.0,1.0,0.0,0.0
13,4.0,1.0,6.0,3,3.0,0.0,0.0,0.0,2.0,1.0,0.0,0.0
13,9.0,0.0,5.0,1,4.0,3.0,0.0,0.0,1.0,1.0,0.0,0.0
13,5.0,1.0,4.0,3,3.0,4.0,0.0,0.0,2.0,-999.0,0.9788,110880.0
13,9.0,0.0,5.0,1,3.0,0.0,0.0,0.0,1.0,1.0,0.0,0.0
13,8.0,0.0,5.0,1,4.0,-999.0,0.0,0.0,1.0,-999.0,0.0,0.0
13,7.0,1.0,4.0,1,0.0,4.0,0.0,0.0,2.0,-999.0,0.9673,65520.0
9,8.0,1.0,5.0,0,3.0,0.0,0.0,0.0,2.0,1.0,0.9989,3805200.0
33,6.0,1.0,5.0,3,0.0,0.0,0.0,1.0,1.0,0.0,0.9962,849600.0
13,6.0,0.0,5.0,1,3.0,0.0,0.0,0.0,1.0,1.0,0.0,0.0
13,6.0,1.0,-999.0,3,1.0,3.0,0.0,0.0,2.0,1.0,0.8818,12960.0
13,1.0,0.0,4.0,3,1.0,4.0,0.0,0.0,1.0,1.0,0.7892,5760.0
13,8.0,0.0,5.0,1,4.0,3.0,0.0,0.0,1.0,1.0,0.0,0.0
6,9.0,1.0,2.0,1,3.0,0.0,0.0,0.0,2.0,0.0,0.9079,18000.0
13,1.0,1.0,4.0,3,3.0,4.0,0.0,0.0,2.0,1.0,0.0,0.0
13,6.0,1.0,5.0,3,3.0,0.0,0.0,0.0,2.0,-999.0,0.0,0.0
13,4.0,0.0,5.0,3,2.0,1.0,0.0,0.0,1.0,1.0,0.0,0.0
13,4.0,1.0,5.0,3,3.0,0.0,0.0,0.0,2.0,1.0,0.0,0.0
13,3.0,1.0,4.0,3,3.0,2.0,0.0,0.0,2.0,1.0,0.9514,40320.0
13,4.0,0.0,5.0,3,3.0,0.0,0.0,0.0,1.0,-999.0,0.0,0.0
13,-999.0,1.0,2.0,1,3.0,0.0,0.0,-999.0,2.0,1.0,0.0,0.0
13,5.0,1.0,6.0,3,1.0,0.0,0.0,0.0,2.0,-999.0,0.8576,10080.0
13,10.0,1.0,5.0,1,3.0,0.0,0.0,0.0,2.0,1.0,0.0,0.0
13,8.0,0.0,5.0,1,4.0,3.0,0.0,0.0,1.0,-999.0,0.0,0.0
13,10.0,0.0,5.0,1,3.0,1.0,0.0,0.0,1.0,-999.0,0.0,0.0
13,10.0,1.0,5.0,1,3.0,0.0,0.0,1.0,2.0,-999.0,0.0,0.0
13,6.0,1.0,4.0,1,4.0,4.0,0.0,0.0,2.0,-999.0,0.9565,46200.0
40,8.0,1.0,5.0,1,3.0,0.0,-999.0,1.0,2.0,0.0,0.0,0.0
13,4.0,1.0,5.0,3,3.0,2.0,1.0,0.0,2.0,1.0,0.9514,40320.0
13,6.0,0.0,5.0,3,4.0,0.0,0.0,0.0,1.0,-999.0,0.0,0.0
13,10.0,1.0,5.0,3,0.0,2.0,0.0,0.0,2.0,-999.0,0.9157,20160.0
13,10.0,1.0,5.0,1,4.0,0.0,0.0,0.0,2.0,-999.0,0.0,0.0
13,7.0,1.0,5.0,3,4.0,0.0,0.0,0.0,2.0,-999.0,0.0,0.0
13,10.0,0.0,5.0,3,4.0,0.0,1.0,0.0,1.0,1.0,0.6401,2400.0
13,4.0,1.0,5.0,3,3.0,0.0,0.0,0.0,2.0,-999.0,0.0,0.0
13,2.0,1.0,4.0,3,1.0,4.0,-999.0,0.0,-999.0,-999.0,0.0,0.0
13,10.0,0.0,5.0,1,4.0,3.0,0.0,0.0,1.0,-999.0,0.0,0.0
36,3.0,1.0,5.0,2,3.0,1.0,2.0,0.0,2.0,1.0,0.9991,4525920.0
13,10.0,1.0,2.0,3,3.0,4.0,0.0,0.0,2.0,1.0,0.9594,50400.0
13,7.0,1.0,2.0,3,4.0,3.0,0.0,0.0,2.0,-999.0,0.6192,2160.0
13,3.0,1.0,5.0,3,0.0,1.0,0.0,0.0,2.0,1.0,0.9559,45480.0
13,7.0,1.0,5.0,3,3.0,0.0,1.0,0.0,2.0,1.0,0.8818,12960.0
13,1.0,1.0,4.0,3,4.0,4.0,0.0,0.0,2.0,1.0,0.0,0.0
13,7.0,1.0,4.0,3,4.0,0.0,0.0,0.0,2.0,1.0,0.0,0.0
13,5.0,1.0,5.0,3,3.0,0.0,1.0,0.0,2.0,1.0,0.0,0.0
13,8.0,1.0,5.0,3,4.0,0.0,0.0,0.0,2.0,-999.0,0.0,0.0
13,8.0,1.0,5.0,1,4.0,0.0,0.0,0.0,2.0,1.0,0.0,0.0
13,5.0,0.0,6.0,3,3.0,2.0,0.0,0.0,1.0,1.0,0.9673,65520.0
13,8.0,1.0,4.0,3,3.0,1.0,0.0,0.0,2.0,-999.0,0.5678,1680.0
13,6.0,1.0,2.0,3,4.0,0.0,0.0,0.0,2.0,1.0,0.0,0.0
13,4.0,1.0,5.0,3,3.0,0.0,0.0,0.0,2.0,-999.0,0.0,0.0
13,8.0,1.0,5.0,3,4.0,0.0,0.0,0.0,2.0,1.0,0.0,0.0
13,10.0,0.0,5.0,3,4.0,3.0,0.0,0.0,1.0,-999.0,0.0,0.0
13,10.0,0.0,5.0,3,4.0,0.0,-999.0,0.0,1.0,-999.0,0.0,0.0
13,8.0,0.0,7.0,1,4.0,1.0,0.0,0.0,1.0,1.0,0.9958,766080.0
13,6.0,1.0,-999.0,3,4.0,0.0,0.0,0.0,2.0,1.0,0.0,0.0
13,3.0,4.0,5.0,3,0.0,4.0,1.0,0.0,2.0,-999.0,0.9977,1532880.0
13,7.0,1.0,2.0,3,1.0,0.0,0.0,0.0,2.0,1.0,0.9111,18840.0
13,10.0,1.0,5.0,1,4.0,0.0,0.0,0.0,2.0,-999.0,0.0,0.0
13,8.0,0.0,5.0,3,3.0,0.0,0.0,0.0,1.0,-999.0,0.0,0.0
13,7.0,0.0,-999.0,3,4.0,0.0,0.0,0.0,1.0,1.0,0.0,0.0
13,10.0,0.0,4.0,1,4.0,3.0,-999.0,0.0,1.0,-999.0,0.9157,20160.0
13,9.0,1.0,5.0,1,4.0,3.0,0.0,0.0,2.0,-999.0,0.0,0.0
13,1.0,1.0,5.0,3,3.0,0.0,0.0,0.0,2.0,-999.0,0.9157,20160.0
13,9.0,1.0,5.0,1,3.0,0.0,0.0,0.0,2.0,-999.0,0.0,0.0
13,5.0,1.0,5.0,3,3.0,0.0,0.0,0.0,2.0,1.0,0.0,0.0
13,9.0,0.0,5.0,1,4.0,0.0,0.0,0.0,1.0,-999.0,0.0,0.0
13,7.0,1.0,2.0,3,1.0,2.0,2.0,0.0,2.0,-999.0,0.9157,20160.0
13,7.0,0.0,5.0,3,4.0,0.0,1.0,0.0,1.0,-999.0,0.0,0.0
13,9.0,0.0,7.0,1,2.0,3.0,0.0,1.0,1.0,-999.0,0.9954,689040.0
13,6.0,0.0,5.0,3,3.0,0.0,1.0,0.0,1.0,1.0,0.7831,5520.0
13,10.0,1.0,5.0,1,4.0,0.0,0.0,0.0,2.0,-999.0,0.0,0.0
13,7.0,1.0,5.0,3,3.0,0.0,0.0,0.0,2.0,-999.0,0.0,0.0
13,-999.0,0.0,5.0,3,3.0,4.0,0.0,0.0,1.0,-999.0,0.0,0.0
13,4.0,1.0,5.0,3,3.0,0.0,0.0,1.0,2.0,1.0,0.6053,2016.0
13,4.0,1.0,5.0,3,4.0,0.0,0.0,0.0,2.0,-999.0,0.0,0.0
13,4.0,0.0,4.0,3,3.0,0.0,0.0,0.0,1.0,-999.0,0.0,0.0
13,7.0,1.0,2.0,3,3.0,0.0,0.0,0.0,2.0,1.0,0.0601,48.0
13,9.0,0.0,5.0,1,3.0,0.0,1.0,0.0,1.0,-999.0,0.5354,1440.0
13,8.0,0.0,5.0,3,4.0,0.0,2.0,0.0,1.0,-999.0,0.0,0.0
13,10.0,0.0,5.0,1,4.0,0.0,0.0,0.0,1.0,-999.0,0.0,0.0
13,6.0,1.0,5.0,3,3.0,0.0,2.0,0.0,2.0,1.0,0.5678,1680.0
13,8.0,1.0,5.0,1,3.0,0.0,0.0,0.0,2.0,-999.0,0.0,0.0
13,7.0,1.0,4.0,3,3.0,0.0,0.0,0.0,2.0,-999.0,0.0,0.0
13,5.0,1.0,5.0,3,3.0,0.0,0.0,0.0,2.0,1.0,0.0,0.0
13,5.0,1.0,4.0,3,2.0,2.0,0.0,0.0,2.0,-999.0,0.9849,166320.0
13,4.0,1.0,5.0,3,4.0,1.0,0.0,0.0,2.0,-999.0,0.0,0.0
13,7.0,1.0,5.0,3,4.0,0.0,-999.0,0.0,2.0,-999.0,0.0,0.0
13,7.0,1.0,5.0,3,4.0,3.0,0.0,0.0,2.0,-999.0,0.0,0.0
13,8.0,1.0,5.0,1,4.0,0.0,0.0,0.0,2.0,-999.0,0.0,0.0
13,7.0,1.0,5.0,3,4.0,0.0,0.0,0.0,2.0,1.0,0.0,0.0
33,1.0,1.0,5.0,3,1.0,1.0,0.0,1.0,2.0,0.0,0.9967,996480.0
22,9.0,1.0,5.0,1,3.0,0.0,0.0,0.0,2.0,0.0,0.9939,491040.0
13,4.0,0.0,5.0,1,1.0,0.0,0.0,0.0,1.0,-999.0,0.9601,51360.0
13,4.0,0.0,4.0,3,3.0,1.0,0.0,0.0,1.0,-999.0,0.675,2880.0
13,10.0,1.0,5.0,1,3.0,4.0,0.0,0.0,2.0,1.0,0.5354,1440.0
13,4.0,1.0,5.0,3,1.0,1.0,1.0,0.0,2.0,-999.0,0.9822,136080.0
13,8.0,0.0,5.0,3,3.0,1.0,0.0,0.0,1.0,1.0,0.8657,10920.0
13,6.0,1.0,5.0,3,3.0,0.0,0.0,0.0,2.0,-999.0,0.0,0.0
0,5.0,0.0,2.0,1,4.0,0.0,0.0,0.0,1.0,-999.0,0.9943,525600.0
13,4.0,0.0,7.0,3,3.0,0.0,2.0,1.0,1.0,-999.0,0.989,241920.0
13,5.0,1.0,2.0,3,3.0,0.0,0.0,0.0,2.0,1.0,0.0,0.0
13,6.0,1.0,6.0,3,3.0,0.0,2.0,0.0,2.0,-999.0,0.9521,41040.0
13,4.0,1.0,5.0,3,3.0,2.0,0.0,0.0,2.0,-999.0,0.0,0.0
13,9.0,1.0,5.0,1,3.0,0.0,0.0,1.0,2.0,1.0,0.0,0.0
13,9.0,1.0,5.0,1,4.0,0.0,0.0,0.0,2.0,-999.0,0.0,0.0
13,5.0,1.0,5.0,3,3.0,0.0,0.0,1.0,2.0,1.0,0.2928,432.0
13,9.0,1.0,5.0,3,4.0,0.0,0.0,0.0,2.0,-999.0,0.0,0.0
13,10.0,1.0,5.0,1,4.0,1.0,0.0,0.0,2.0,-999.0,0.0,0.0
13,5.0,0.0,4.0,1,3.0,0.0,0.0,-999.0,1.0,-999.0,0.8054,6480.0
13,3.0,1.0,2.0,3,3.0,2.0,0.0,0.0,2.0,1.0,0.9514,40320.0
13,8.0,0.0,5.0,1,4.0,-999.0,-999.0,-999.0,1.0,-999.0,0.0,0.0
13,6.0,1.0,4.0,3,3.0,0.0,2.0,0.0,2.0,-999.0,0.819,7200.0
3,10.0,1.0,2.0,1,3.0,0.0,0.0,0.0,2.0,0.0,0.9989,3629520.0
35,8.0,0.0,5.0,3,4.0,0.0,0.0,0.0,1.0,0.0,0.9726,81360.0
13,4.0,1.0,5.0,3,3.0,0.0,0.0,0.0,2.0,-999.0,0.0,0.0
13,5.0,1.0,6.0,3,3.0,0.0,0.0,1.0,2.0,1.0,0.7092,3480.0
13,10.0,1.0,5.0,1,4.0,1.0,0.0,0.0,2.0,-999.0,0.0,0.0
13,-999.0,1.0,-999.0,3,0.0,2.0,0.0,0.0,2.0,1.0,0.0,0.0
22,7.0,-999.0,5.0,1,2.0,0.0,-999.0,0.0,1.0,0.0,0.995,622080.0
13,7.0,1.0,4.0,3,4.0,0.0,0.0,0.0,2.0,-999.0,0.0,0.0
13,10.0,1.0,5.0,1,4.0,3.0,0.0,0.0,2.0,1.0,0.0,0.0
13,4.0,1.0,4.0,3,0.0,1.0,0.0,1.0,2.0,1.0,0.9702,73440.0
13,7.0,1.0,5.0,3,4.0,0.0,0.0,0.0,2.0,-999.0,0.0,0.0
0,4.0,0.0,5.0,3,4.0,2.0,0.0,0.0,1.0,-999.0,0.9944,544320.0
13,6.0,0.0,5.0,3,4.0,0.0,0.0,1.0,1.0,1.0,0.0,0.0
13,7.0,1.0,5.0,1,3.0,2.0,2.0,0.0,2.0,1.0,0.9618,54240.0
13,6.0,1.0,5.0,3,3.0,0.0,0.0,0.0,2.0,-999.0,0.0,0.0
13,5.0,0.0,5.0,1,3.0,3.0,0.0,0.0,1.0,-999.0,0.5354,1440.0
44,6.0,0.0,2.0,3,4.0,0.0,0.0,0.0,1.0,1.0,0.9989,3628896.0
13,3.0,1.0,5.0,3,3.0,1.0,0.0,0.0,2.0,1.0,0.0,0.0
13,8.0,1.0,5.0,1,4.0,4.0,0.0,0.0,2.0,1.0,0.0,0.0
13,10.0,1.0,2.0,1,4.0,0.0,-999.0,0.0,2.0,1.0,0.0,0.0
13,10.0,1.0,5.0,3,4.0,3.0,0.0,0.0,2.0,-999.0,0.0,0.0
13,10.0,0.0,5.0,1,3.0,0.0,0.0,0.0,1.0,-999.0,0.0,0.0
13,8.0,0.0,5.0,3,3.0,0.0,1.0,0.0,1.0,-999.0,0.0,0.0
13,9.0,1.0,5.0,1,3.0,3.0,0.0,0.0,2.0,1.0,0.0,0.0
13,4.0,1.0,2.0,3,3.0,2.0,0.0,0.0,2.0,1.0,0.0,0.0
13,8.0,0.0,5.0,1,3.0,3.0,0.0,0.0,1.0,-999.0,0.0,0.0
13,7.0,1.0,4.0,3,4.0,0.0,-999.0,0.0,2.0,1.0,0.0,0.0
13,10.0,1.0,2.0,3,3.0,0.0,0.0,0.0,2.0,1.0,0.7697,5040.0
13,10.0,0.0,5.0,1,3.0,0.0,0.0,0.0,1.0,1.0,0.0,0.0
13,10.0,1.0,5.0,1,4.0,0.0,0.0,0.0,2.0,1.0,0.0,0.0
13,9.0,1.0,5.0,1,4.0,0.0,0.0,0.0,2.0,-999.0,0.0,0.0
13,4.0,1.0,2.0,3,3.0,2.0,0.0,0.0,2.0,1.0,0.0,0.0
13,6.0,1.0,5.0,3,4.0,3.0,0.0,0.0,2.0,1.0,0.0,0.0
13,10.0,1.0,2.0,1,4.0,0.0,0.0,0.0,2.0,1.0,0.0,0.0
13,10.0,1.0,5.0,1,4.0,3.0,0.0,0.0,2.0,1.0,0.0,0.0
45,7.0,1.0,2.0,3,3.0,0.0,-999.0,0.0,2.0,-999.0,0.9989,3628800.0
13,10.0,1.0,5.0,1,4.0,0.0,0.0,0.0,2.0,1.0,0.0,0.0
13,10.0,1.0,5.0,1,4.0,0.0,0.0,0.0,2.0,-999.0,0.0,0.0
13,10.0,1.0,5.0,1,3.0,1.0,0.0,0.0,2.0,-999.0,0.0,0.0
13,9.0,0.0,5.0,3,4.0,0.0,0.0,0.0,1.0,1.0,0.0,0.0
13,1.0,0.0,5.0,3,1.0,1.0,0.0,0.0,1.0,-999.0,0.5678,1680.0
13,6.0,0.0,5.0,3,3.0,0.0,1.0,0.0,1.0,-999.0,0.0,0.0
13,6.0,1.0,5.0,3,4.0,0.0,0.0,1.0,2.0,-999.0,0.0,0.0
13,4.0,1.0,5.0,3,4.0,3.0,0.0,0.0,2.0,-999.0,0.0,0.0
13,7.0,0.0,5.0,1,4.0,3.0,0.0,0.0,1.0,-999.0,0.0,0.0
13,8.0,1.0,5.0,3,4.0,0.0,0.0,0.0,2.0,-999.0,0.0,0.0
13,10.0,0.0,5.0,1,4.0,0.0,-999.0,0.0,1.0,-999.0,0.0,0.0
13,6.0,0.0,2.0,3,3.0,3.0,0.0,0.0,1.0,-999.0,0.6192,2160.0
13,8.0,1.0,5.0,1,4.0,0.0,0.0,0.0,2.0,1.0,0.0,0.0
13,5.0,1.0,4.0,3,1.0,0.0,0.0,0.0,2.0,1.0,0.5678,1680.0
13,8.0,1.0,5.0,3,3.0,0.0,0.0,0.0,2.0,-999.0,0.0,0.0
13,6.0,0.0,6.0,1,3.0,0.0,0.0,1.0,1.0,1.0,0.8784,12480.0
13,8.0,0.0,5.0,3,3.0,0.0,0.0,0.0,1.0,1.0,0.0,0.0
13,4.0,1.0,5.0,3,3.0,1.0,2.0,0.0,2.0,1.0,0.9569,46800.0
13,7.0,0.0,5.0,1,4.0,0.0,0.0,0.0,1.0,-999.0,0.0,0.0
13,3.0,0.0,5.0,1,3.0,1.0,0.0,0.0,1.0,1.0,0.9771,100800.0
13,10.0,1.0,5.0,1,4.0,3.0,0.0,0.0,2.0,-999.0,0.0,0.0
13,8.0,1.0,5.0,3,1.0,0.0,0.0,0.0,2.0,1.0,0.8948,15120.0
13,10.0,1.0,5.0,1,3.0,0.0,0.0,0.0,2.0,-999.0,0.0,0.0
13,8.0,1.0,5.0,3,4.0,0.0,0.0,0.0,2.0,-999.0,0.0,0.0
13,4.0,0.0,5.0,3,3.0,0.0,0.0,0.0,1.0,-999.0,0.0,0.0
13,9.0,1.0,4.0,1,3.0,0.0,0.0,0.0,2.0,1.0,0.5678,1680.0
13,7.0,1.0,5.0,3,4.0,3.0,0.0,0.0,2.0,-999.0,0.0,0.0
13,2.0,1.0,5.0,3,3.0,4.0,0.0,0.0,2.0,-999.0,0.8948,15120.0
13,8.0,0.0,5.0,1,3.0,3.0,0.0,0.0,1.0,-999.0,0.0,0.0
13,9.0,0.0,5.0,3,4.0,3.0,0.0,0.0,1.0,-999.0,0.8576,10080.0
13,-999.0,1.0,5.0,1,4.0,1.0,0.0,0.0,2.0,-999.0,0.0,0.0
17,8.0,1.0,5.0,3,4.0,0.0,0.0,0.0,2.0,1.0,0.9989,3628800.0
13,7.0,1.0,4.0,3,4.0,0.0,0.0,0.0,2.0,-999.0,0.0,0.0
6,9.0,0.0,2.0,1,4.0,0.0,0.0,0.0,1.0,0.0,0.996,792000.0
13,8.0,1.0,5.0,3,4.0,0.0,0.0,0.0,2.0,1.0,0.0,0.0
13,6.0,1.0,2.0,3,3.0,1.0,0.0,0.0,2.0,1.0,0.9476,36720.0
13,10.0,0.0,5.0,1,4.0,0.0,1.0,0.0,1.0,-999.0,0.0,0.0
13,8.0,1.0,5.0,3,4.0,0.0,0.0,0.0,2.0,1.0,0.0,0.0
13,6.0,0.0,5.0,1,4.0,1.0,0.0,0.0,1.0,1.0,0.5354,1440.0
13,6.0,1.0,5.0,3,4.0,3.0,0.0,0.0,2.0,-999.0,0.0,0.0
13,7.0,0.0,2.0,3,4.0,0.0,0.0,0.0,1.0,1.0,0.0,0.0
13,4.0,1.0,5.0,3,3.0,0.0,0.0,0.0,2.0,-999.0,0.0,0.0
13,6.0,0.0,5.0,3,4.0,0.0,1.0,0.0,1.0,-999.0,0.0,0.0
13,10.0,1.0,2.0,3,3.0,2.0,0.0,0.0,2.0,1.0,0.7697,5040.0
13,10.0,0.0,5.0,1,4.0,0.0,1.0,0.0,1.0,-999.0,0.0,0.0
13,7.0,1.0,4.0,3,3.0,0.0,0.0,0.0,2.0,1.0,0.0,0.0
13,1.0,1.0,5.0,3,0.0,4.0,2.0,0.0,2.0,-999.0,0.9803,120960.0
25,6.0,0.0,5.0,1,4.0,0.0,-999.0,0.0,1.0,0.0,0.9922,362880.0
25,1.0,0.0,5.0,1,4.0,0.0,-999.0,0.0,1.0,0.0,0.9944,539280.0
13,10.0,0.0,4.0,1,4.0,0.0,0.0,0.0,1.0,1.0,0.5954,1920.0
13,8.0,1.0,5.0,3,3.0,0.0,0.0,0.0,2.0,1.0,0.0,0.0
13,1.0,1.0,2.0,3,4.0,2.0,-999.0,0.0,2.0,-999.0,0.7697,5040.0
13,9.0,1.0,5.0,1,4.0,0.0,0.0,0.0,2.0,-999.0,0.0,0.0
13,8.0,0.0,5.0,1,1.0,2.0,0.0,0.0,1.0,1.0,0.9679,66960.0
13,9.0,1.0,5.0,1,3.0,0.0,0.0,0.0,2.0,-999.0,0.0,0.0
13,7.0,1.0,5.0,3,3.0,3.0,0.0,0.0,2.0,-999.0,0.0,0.0
13,5.0,0.0,5.0,3,3.0,0.0,0.0,0.0,1.0,1.0,0.1721,192.0
13,4.0,1.0,5.0,3,3.0,0.0,0.0,0.0,2.0,-999.0,0.0,0.0
13,5.0,1.0,5.0,3,4.0,0.0,2.0,0.0,2.0,-999.0,0.7697,5040.0
42,3.0,1.0,4.0,1,3.0,4.0,0.0,0.0,2.0,0.0,0.9989,3689280.0
13,6.0,1.0,5.0,3,3.0,0.0,0.0,0.0,2.0,1.0,0.0,0.0
13,8.0,0.0,5.0,3,4.0,3.0,0.0,0.0,1.0,-999.0,0.0,0.0
13,10.0,1.0,5.0,1,3.0,0.0,0.0,0.0,2.0,-999.0,0.0,0.0
13,8.0,1.0,5.0,1,4.0,3.0,0.0,0.0,2.0,1.0,0.0,0.0
13,8.0,1.0,5.0,1,4.0,0.0,0.0,0.0,2.0,-999.0,0.0,0.0
13,7.0,0.0,5.0,3,4.0,0.0,0.0,0.0,1.0,1.0,0.0,0.0
13,6.0,0.0,5.0,3,1.0,1.0,0.0,0.0,1.0,1.0,0.906,17520.0
13,6.0,1.0,5.0,1,4.0,1.0,0.0,0.0,2.0,1.0,0.5678,1680.0
13,9.0,1.0,5.0,1,3.0,1.0,0.0,0.0,2.0,-999.0,0.0,0.0
13,10.0,1.0,5.0,3,4.0,1.0,0.0,0.0,2.0,-999.0,0.9514,40320.0
13,8.0,0.0,5.0,3,2.0,0.0,1.0,1.0,1.0,-999.0,0.986,181440.0
0,1.0,0.0,5.0,3,4.0,4.0,1.0,0.0,1.0,-999.0,0.9948,586080.0
13,6.0,0.0,6.0,3,3.0,4.0,0.0,1.0,1.0,1.0,0.9738,85800.0
13,4.0,1.0,5.0,3,3.0,0.0,0.0,0.0,2.0,-999.0,0.0,0.0
13,8.0,0.0,5.0,1,4.0,3.0,-999.0,0.0,1.0,-999.0,0.0,0.0
13,9.0,1.0,5.0,3,4.0,3.0,0.0,0.0,2.0,1.0,0.675,2880.0
13,9.0,1.0,5.0,1,4.0,1.0,0.0,0.0,2.0,1.0,0.0,0.0
13,5.0,0.0,5.0,3,3.0,0.0,1.0,0.0,1.0,1.0,0.8576,10080.0
13,10.0,0.0,2.0,1,4.0,0.0,0.0,0.0,1.0,1.0,0.3117,480.0
13,10.0,1.0,5.0,1,4.0,0.0,0.0,0.0,2.0,1.0,0.0,0.0
13,4.0,1.0,4.0,3,4.0,3.0,2.0,0.0,2.0,-999.0,0.9884,227520.0
33,6.0,0.0,5.0,1,4.0,0.0,0.0,1.0,1.0,1.0,0.9828,141852.0
13,4.0,1.0,5.0,3,3.0,0.0,0.0,0.0,2.0,-999.0,0.0,0.0
13,9.0,0.0,5.0,3,3.0,0.0,0.0,0.0,1.0,1.0,0.0,0.0
13,8.0,1.0,5.0,1,3.0,3.0,0.0,0.0,2.0,-999.0,0.0,0.0
13,4.0,1.0,5.0,3,3.0,0.0,0.0,0.0,2.0,-999.0,0.0,0.0
13,9.0,0.0,5.0,1,4.0,1.0,0.0,0.0,1.0,1.0,0.0,0.0
13,8.0,1.0,5.0,1,4.0,0.0,0.0,0.0,2.0,-999.0,0.0,0.0
13,4.0,1.0,5.0,3,4.0,0.0,3.0,0.0,2.0,1.0,0.9543,43560.0
13,7.0,1.0,5.0,3,3.0,0.0,0.0,0.0,2.0,1.0,0.0,0.0
13,6.0,1.0,4.0,3,4.0,2.0,0.0,0.0,2.0,1.0,0.9292,25200.0
13,8.0,1.0,5.0,3,3.0,0.0,0.0,0.0,2.0,-999.0,0.0,0.0
13,10.0,0.0,5.0,1,4.0,0.0,0.0,0.0,1.0,1.0,0.0,0.0
13,4.0,0.0,5.0,3,4.0,3.0,0.0,0.0,1.0,-999.0,0.8576,10080.0
13,5.0,0.0,4.0,3,1.0,3.0,-999.0,-999.0,1.0,-999.0,0.7697,5040.0
13,8.0,1.0,5.0,1,3.0,0.0,0.0,0.0,2.0,-999.0,0.0,0.0
13,6.0,1.0,5.0,3,4.0,0.0,0.0,0.0,2.0,-999.0,0.0,0.0
13,8.0,0.0,5.0,1,4.0,0.0,1.0,0.0,1.0,-999.0,0.39,720.0
13,8.0,1.0,5.0,1,4.0,0.0,0.0,0.0,2.0,-999.0,0.0,0.0
13,8.0,0.0,4.0,1,3.0,3.0,0.0,0.0,1.0,1.0,0.8409,8640.0
13,8.0,1.0,5.0,3,3.0,0.0,0.0,0.0,2.0,-999.0,0.0,0.0
13,7.0,0.0,5.0,3,4.0,0.0,0.0,0.0,1.0,1.0,0.0,0.0
13,7.0,1.0,5.0,3,3.0,0.0,0.0,0.0,2.0,-999.0,0.0,0.0
13,8.0,0.0,4.0,3,3.0,0.0,0.0,0.0,1.0,-999.0,0.2008,240.0
13,10.0,0.0,5.0,3,4.0,0.0,1.0,0.0,1.0,-999.0,0.0,0.0
13,6.0,0.0,5.0,3,3.0,0.0,0.0,0.0,1.0,-999.0,0.0,0.0
13,6.0,0.0,5.0,3,4.0,3.0,1.0,0.0,1.0,1.0,0.8003,6240.0
13,9.0,0.0,5.0,3,3.0,0.0,1.0,0.0,1.0,-999.0,0.0,0.0
13,9.0,1.0,5.0,1,4.0,0.0,2.0,0.0,2.0,-999.0,0.0,0.0
13,7.0,1.0,5.0,1,4.0,4.0,0.0,0.0,2.0,1.0,0.39,720.0
13,10.0,0.0,5.0,1,4.0,0.0,0.0,0.0,1.0,1.0,0.0,0.0
13,8.0,0.0,5.0,3,4.0,0.0,0.0,0.0,1.0,-999.0,0.0,0.0
41,7.0,1.0,6.0,3,4.0,0.0,0.0,1.0,2.0,1.0,0.9989,3628800.0
13,3.0,1.0,5.0,3,3.0,1.0,0.0,0.0,2.0,-999.0,0.0,0.0
13,9.0,1.0,4.0,1,4.0,0.0,-999.0,0.0,2.0,-999.0,0.0,0.0
13,7.0,1.0,5.0,3,3.0,0.0,0.0,0.0,2.0,1.0,0.0,0.0
13,5.0,1.0,5.0,3,4.0,1.0,0.0,0.0,2.0,1.0,0.4155,816.0
13,6.0,0.0,5.0,3,3.0,0.0,0.0,0.0,1.0,-999.0,0.0,0.0
13,9.0,1.0,5.0,1,4.0,3.0,0.0,0.0,2.0,1.0,0.0411,30.0
13,6.0,1.0,5.0,3,4.0,0.0,0.0,0.0,2.0,-999.0,0.0,0.0
13,6.0,1.0,-999.0,3,3.0,4.0,0.0,0.0,2.0,1.0,0.4494,960.0
13,8.0,0.0,6.0,3,3.0,0.0,3.0,1.0,1.0,1.0,0.9886,231480.0
13,8.0,0.0,5.0,3,4.0,0.0,-999.0,0.0,1.0,1.0,0.0,0.0
13,6.0,1.0,5.0,1,4.0,0.0,0.0,0.0,2.0,1.0,0.0,0.0
13,9.0,0.0,2.0,0,4.0,0.0,0.0,0.0,1.0,-999.0,0.9948,589680.0
13,10.0,1.0,5.0,1,4.0,3.0,0.0,0.0,2.0,-999.0,0.0,0.0
13,8.0,1.0,5.0,3,4.0,0.0,0.0,1.0,2.0,1.0,0.0,0.0
13,6.0,1.0,5.0,3,4.0,0.0,0.0,0.0,2.0,-999.0,0.0,0.0
13,10.0,0.0,5.0,1,3.0,0.0,1.0,0.0,-999.0,-999.0,0.0,0.0
13,8.0,1.0,5.0,3,4.0,1.0,2.0,0.0,2.0,1.0,0.9157,20160.0
13,3.0,1.0,5.0,3,4.0,1.0,0.0,0.0,2.0,1.0,0.9387,30240.0
13,8.0,1.0,5.0,1,3.0,0.0,1.0,0.0,2.0,-999.0,0.8102,6720.0
13,1.0,1.0,4.0,0,0.0,2.0,0.0,0.0,2.0,1.0,0.9959,774840.0
13,10.0,0.0,5.0,1,4.0,0.0,1.0,0.0,1.0,1.0,0.0,0.0
13,4.0,0.0,5.0,3,0.0,1.0,0.0,1.0,1.0,1.0,0.9698,72240.0
13,5.0,0.0,5.0,3,3.0,1.0,0.0,0.0,1.0,-999.0,0.0,0.0
13,8.0,1.0,5.0,1,3.0,3.0,0.0,0.0,2.0,-999.0,0.0,0.0
13,7.0,0.0,2.0,3,4.0,0.0,0.0,0.0,1.0,1.0,0.0,0.0
13,1.0,1.0,4.0,3,1.0,2.0,0.0,0.0,2.0,-999.0,0.0,0.0
13,6.0,1.0,5.0,3,1.0,0.0,0.0,0.0,2.0,1.0,0.3117,480.0
13,8.0,0.0,4.0,3,3.0,0.0,1.0,0.0,1.0,-999.0,0.7697,5040.0
13,10.0,1.0,5.0,1,3.0,0.0,0.0,1.0,2.0,1.0,0.0,0.0
32,6.0,0.0,5.0,1,4.0,0.0,0.0,0.0,1.0,0.0,0.9957,729732.0
13,4.0,0.0,5.0,3,3.0,3.0,0.0,0.0,1.0,1.0,0.9387,30240.0
13,6.0,1.0,4.0,3,4.0,0.0,0.0,0.0,2.0,1.0,0.0,0.0
13,10.0,1.0,5.0,1,4.0,3.0,-999.0,0.0,2.0,-999.0,0.0,0.0
13,4.0,1.0,5.0,3,3.0,0.0,0.0,0.0,2.0,-999.0,0.0,0.0
13,3.0,0.0,5.0,3,3.0,2.0,0.0,0.0,1.0,1.0,0.8948,15120.0
0,6.0,1.0,5.0,3,1.0,3.0,-999.0,2.0,2.0,-999.0,0.9974,1342080.0
13,9.0,1.0,4.0,1,4.0,0.0,0.0,0.0,2.0,-999.0,0.0,0.0
13,6.0,1.0,5.0,3,3.0,0.0,0.0,0.0,2.0,-999.0,0.0,0.0
13,4.0,0.0,2.0,3,3.0,1.0,0.0,0.0,1.0,-999.0,0.9514,40320.0
13,8.0,1.0,5.0,1,3.0,1.0,0.0,0.0,2.0,1.0,0.2268,288.0
13,4.0,1.0,2.0,3,3.0,2.0,2.0,0.0,2.0,1.0,0.935,28080.0
13,7.0,1.0,5.0,1,3.0,1.0,0.0,0.0,2.0,1.0,0.0,0.0
13,2.0,0.0,5.0,3,3.0,0.0,1.0,0.0,1.0,-999.0,0.9936,463680.0
13,2.0,0.0,4.0,3,0.0,1.0,0.0,0.0,1.0,1.0,0.0,0.0
13,5.0,1.0,5.0,3,3.0,0.0,2.0,0.0,2.0,-999.0,0.0,0.0
13,6.0,1.0,5.0,3,4.0,0.0,0.0,0.0,2.0,-999.0,0.0,0.0
13,3.0,0.0,4.0,3,3.0,3.0,0.0,0.0,1.0,-999.0,0.924,23040.0
13,10.0,0.0,4.0,2,1.0,0.0,1.0,0.0,1.0,-999.0,0.9959,771120.0
27,8.0,1.0,2.0,1,2.0,1.0,0.0,0.0,2.0,0.0,0.9983,2154960.0
13,8.0,0.0,5.0,3,1.0,4.0,0.0,0.0,1.0,1.0,0.9292,25200.0
13,8.0,1.0,5.0,3,3.0,0.0,0.0,0.0,2.0,-999.0,0.0,0.0
13,8.0,0.0,2.0,3,4.0,0.0,-999.0,-999.0,1.0,1.0,0.0,0.0
13,10.0,1.0,5.0,1,4.0,1.0,0.0,0.0,2.0,1.0,0.0,0.0
13,10.0,0.0,5.0,1,4.0,0.0,0.0,0.0,1.0,1.0,0.0,0.0
13,8.0,1.0,5.0,1,4.0,0.0,0.0,0.0,2.0,-999.0,0.0,0.0
13,10.0,1.0,4.0,1,4.0,0.0,0.0,0.0,2.0,1.0,0.0,0.0
18,5.0,1.0,6.0,3,4.0,1.0,0.0,2.0,2.0,1.0,0.999,3998160.0
13,6.0,1.0,5.0,1,4.0,3.0,0.0,0.0,2.0,-999.0,0.0,0.0
11,5.0,1.0,5.0,1,3.0,1.0,0.0,0.0,2.0,-999.0,0.9989,3630960.0
13,9.0,1.0,5.0,3,4.0,0.0,0.0,0.0,2.0,1.0,0.0,0.0
13,7.0,0.0,5.0,3,4.0,3.0,0.0,0.0,1.0,-999.0,0.0,0.0
37,7.0,1.0,5.0,3,4.0,2.0,0.0,0.0,2.0,1.0,0.9989,3635280.0
38,9.0,1.0,5.0,1,4.0,1.0,0.0,0.0,2.0,1.0,0.9989,3628800.0
13,-999.0,0.0,5.0,3,4.0,3.0,0.0,0.0,1.0,-999.0,0.0,0.0
13,10.0,1.0,5.0,3,3.0,0.0,0.0,0.0,2.0,1.0,0.39,720.0
13,10.0,4.0,5.0,1,4.0,0.0,1.0,0.0,2.0,-999.0,0.9963,887760.0
13,1.0,1.0,4.0,3,3.0,4.0,0.0,0.0,2.0,-999.0,0.0,0.0
13,1.0,0.0,5.0,3,1.0,4.0,0.0,0.0,1.0,-999.0,0.2008,240.0
13,4.0,1.0,4.0,3,3.0,3.0,0.0,0.0,2.0,1.0,0.0,0.0
13,10.0,1.0,2.0,3,0.0,2.0,0.0,0.0,2.0,1.0,0.986,181440.0
13,7.0,1.0,6.0,3,0.0,4.0,2.0,1.0,2.0,-999.0,0.9944,544320.0
13,3.0,1.0,5.0,3,3.0,3.0,0.0,0.0,2.0,-999.0,0.0,0.0
13,7.0,1.0,5.0,1,4.0,0.0,0.0,0.0,2.0,1.0,0.0,0.0
13,8.0,1.0,5.0,1,3.0,4.0,0.0,0.0,2.0,-999.0,0.5354,1440.0
13,3.0,1.0,5.0,3,3.0,1.0,0.0,0.0,2.0,-999.0,0.0,0.0
13,8.0,1.0,5.0,3,3.0,3.0,0.0,0.0,2.0,1.0,0.2268,288.0
13,10.0,1.0,5.0,1,3.0,4.0,0.0,0.0,2.0,0.0,0.9608,52560.0
13,10.0,0.0,5.0,1,4.0,0.0,0.0,0.0,1.0,-999.0,0.0,0.0
40,6.0,1.0,6.0,1,2.0,0.0,0.0,1.0,2.0,1.0,0.9877,211920.0
13,4.0,0.0,6.0,3,0.0,4.0,0.0,0.0,1.0,-999.0,0.9827,141120.0
13,8.0,0.0,5.0,1,3.0,0.0,0.0,0.0,1.0,-999.0,0.0,0.0
13,10.0,0.0,5.0,1,4.0,1.0,0.0,0.0,1.0,-999.0,0.0,0.0
13,8.0,1.0,5.0,3,3.0,3.0,0.0,0.0,2.0,-999.0,0.0,0.0
13,1.0,1.0,4.0,3,1.0,4.0,1.0,0.0,2.0,-999.0,0.9625,55440.0
13,7.0,1.0,4.0,1,2.0,1.0,0.0,0.0,2.0,-999.0,0.9594,50400.0
13,10.0,1.0,5.0,1,4.0,4.0,0.0,0.0,2.0,1.0,0.0,0.0
13,4.0,1.0,5.0,3,3.0,0.0,0.0,0.0,2.0,-999.0,0.0,0.0
13,7.0,0.0,4.0,1,0.0,0.0,-999.0,-999.0,1.0,1.0,0.9847,163440.0
13,8.0,1.0,5.0,1,4.0,0.0,0.0,0.0,2.0,1.0,0.0,0.0
13,2.0,1.0,5.0,3,1.0,4.0,3.0,2.0,2.0,-999.0,0.9961,824400.0
13,4.0,0.0,4.0,3,3.0,0.0,0.0,0.0,1.0,-999.0,0.0,0.0
13,8.0,0.0,5.0,1,4.0,0.0,-999.0,0.0,1.0,-999.0,0.0,0.0
13,6.0,1.0,5.0,3,3.0,0.0,0.0,0.0,2.0,-999.0,0.0,0.0
13,9.0,0.0,5.0,1,4.0,0.0,0.0,0.0,1.0,-999.0,0.0,0.0
13,10.0,1.0,5.0,1,4.0,1.0,0.0,0.0,2.0,1.0,0.0,0.0
13,7.0,1.0,4.0,3,3.0,0.0,0.0,0.0,2.0,1.0,0.0,0.0
13,9.0,0.0,5.0,3,4.0,0.0,0.0,0.0,1.0,1.0,0.0,0.0
13,3.0,1.0,5.0,3,1.0,1.0,0.0,-999.0,2.0,-999.0,0.9594,50400.0
13,7.0,0.0,4.0,3,4.0,0.0,0.0,0.0,1.0,-999.0,0.0,0.0
13,-999.0,1.0,5.0,3,3.0,2.0,1.0,0.0,2.0,1.0,0.0,0.0
13,7.0,1.0,5.0,3,3.0,0.0,0.0,0.0,2.0,1.0,0.0,0.0
13,6.0,1.0,5.0,3,4.0,0.0,0.0,0.0,2.0,1.0,0.0,0.0
6,2.0,1.0,2.0,3,3.0,0.0,0.0,0.0,2.0,0.0,0.9963,887040.0
13,4.0,1.0,2.0,3,3.0,0.0,0.0,0.0,2.0,1.0,0.0,0.0
13,8.0,0.0,5.0,3,4.0,3.0,0.0,0.0,1.0,1.0,0.0,0.0
13,2.0,0.0,4.0,3,0.0,1.0,0.0,0.0,1.0,1.0,0.0,0.0
13,6.0,1.0,5.0,3,4.0,0.0,0.0,0.0,2.0,1.0,0.0,0.0
13,8.0,1.0,5.0,3,3.0,3.0,0.0,-999.0,2.0,1.0,0.0,0.0
13,7.0,-999.0,6.0,3,3.0,0.0,0.0,2.0,1.0,-999.0,0.9916,332640.0
13,7.0,1.0,5.0,1,3.0,1.0,0.0,0.0,2.0,-999.0,0.0,0.0
13,10.0,1.0,5.0,1,3.0,0.0,0.0,0.0,2.0,-999.0,0.0,0.0
13,-999.0,0.0,5.0,1,4.0,0.0,0.0,0.0,1.0,-999.0,0.0,0.0
13,5.0,1.0,2.0,3,3.0,0.0,0.0,0.0,2.0,-999.0,0.0,0.0
13,10.0,1.0,5.0,1,4.0,0.0,0.0,0.0,2.0,1.0,0.0,0.0
13,10.0,0.0,5.0,3,1.0,2.0,0.0,0.0,1.0,1.0,0.8834,13200.0
13,6.0,1.0,5.0,1,4.0,0.0,0.0,0.0,2.0,1.0,0.0,0.0
13,8.0,0.0,6.0,3,3.0,0.0,0.0,1.0,1.0,-999.0,0.6966,3240.0
13,10.0,1.0,5.0,1,3.0,0.0,0.0,0.0,2.0,0.0,0.8307,7920.0
40,4.0,1.0,5.0,3,2.0,4.0,0.0,1.0,2.0,0.0,0.9926,389520.0
13,5.0,1.0,5.0,3,4.0,0.0,3.0,0.0,2.0,-999.0,0.9514,40320.0
13,8.0,1.0,5.0,3,4.0,0.0,0.0,0.0,2.0,-999.0,0.0,0.0
13,3.0,1.0,5.0,3,4.0,2.0,0.0,0.0,2.0,-999.0,0.0,0.0
13,1.0,1.0,4.0,3,0.0,2.0,0.0,0.0,2.0,0.0,0.9861,183120.0
13,9.0,1.0,4.0,1,4.0,0.0,0.0,0.0,2.0,1.0,0.0,0.0
13,9.0,1.0,5.0,1,4.0,0.0,0.0,0.0,2.0,1.0,0.0,0.0
13,8.0,1.0,2.0,1,3.0,3.0,0.0,0.0,2.0,1.0,0.9179,20880.0
13,1.0,0.0,5.0,3,1.0,4.0,0.0,2.0,1.0,0.0,0.9965,928800.0
13,6.0,1.0,5.0,3,4.0,3.0,0.0,0.0,2.0,1.0,0.0,0.0
13,1.0,1.0,2.0,3,3.0,2.0,0.0,0.0,2.0,1.0,0.0,0.0
33,6.0,1.0,7.0,3,0.0,2.0,0.0,1.0,2.0,0.0,0.9972,1219680.0
13,4.0,1.0,5.0,3,3.0,0.0,0.0,0.0,2.0,1.0,0.0,0.0
13,6.0,1.0,5.0,3,3.0,1.0,0.0,0.0,2.0,1.0,0.4743,1080.0
49,1.0,1.0,2.0,3,2.0,2.0,0.0,0.0,2.0,0.0,0.9989,3777120.0
13,10.0,0.0,5.0,3,4.0,0.0,0.0,0.0,1.0,-999.0,0.0,0.0
13,9.0,0.0,4.0,1,3.0,0.0,0.0,0.0,1.0,1.0,0.6897,3120.0
13,7.0,1.0,4.0,3,4.0,-999.0,0.0,0.0,2.0,-999.0,0.0,0.0
13,7.0,1.0,5.0,3,4.0,0.0,0.0,0.0,2.0,-999.0,0.0,0.0
13,8.0,1.0,6.0,1,4.0,0.0,0.0,0.0,2.0,-999.0,0.7697,5040.0
13,10.0,1.0,5.0,3,3.0,0.0,0.0,0.0,2.0,-999.0,0.0,0.0
13,9.0,1.0,5.0,1,4.0,0.0,0.0,-999.0,2.0,-999.0,0.0,0.0
40,4.0,1.0,5.0,3,3.0,1.0,3.0,1.0,2.0,0.0,0.9892,248400.0
13,6.0,0.0,5.0,1,3.0,0.0,-999.0,0.0,1.0,-999.0,0.0,0.0
13,6.0,0.0,5.0,1,3.0,3.0,0.0,0.0,1.0,-999.0,0.2008,240.0
13,9.0,0.0,5.0,3,4.0,0.0,1.0,0.0,1.0,0.0,0.9869,196560.0
13,10.0,1.0,5.0,1,3.0,0.0,0.0,0.0,2.0,-999.0,0.0,0.0
13,10.0,1.0,5.0,1,3.0,0.0,0.0,0.0,2.0,-999.0,0.0,0.0
13,4.0,3.0,5.0,3,3.0,2.0,3.0,0.0,1.0,-999.0,0.9961,824400.0
13,7.0,1.0,5.0,3,4.0,3.0,0.0,0.0,2.0,-999.0,0.0,0.0
13,9.0,1.0,5.0,1,3.0,1.0,0.0,0.0,2.0,-999.0,0.0,0.0
13,10.0,0.0,5.0,1,4.0,3.0,0.0,0.0,1.0,-999.0,0.0,0.0
13,10.0,1.0,2.0,3,3.0,2.0,0.0,0.0,2.0,-999.0,0.0,0.0
13,2.0,1.0,4.0,3,0.0,4.0,0.0,0.0,2.0,-999.0,0.7697,5040.0
13,10.0,0.0,5.0,1,4.0,3.0,0.0,0.0,1.0,1.0,0.0,0.0
13,7.0,1.0,5.0,3,3.0,0.0,2.0,0.0,2.0,1.0,0.2008,240.0
13,10.0,0.0,5.0,1,3.0,0.0,0.0,0.0,1.0,1.0,0.0,0.0
13,10.0,1.0,5.0,1,3.0,0.0,0.0,0.0,2.0,-999.0,0.0,0.0
13,10.0,0.0,5.0,1,4.0,3.0,0.0,0.0,1.0,-999.0,0.0,0.0
13,4.0,1.0,5.0,3,3.0,0.0,0.0,0.0,2.0,-999.0,0.0,0.0
13,8.0,1.0,5.0,1,4.0,1.0,0.0,0.0,2.0,-999.0,0.0,0.0
13,10.0,1.0,5.0,1,4.0,3.0,0.0,0.0,2.0,-999.0,0.0,0.0
13,9.0,0.0,5.0,3,4.0,0.0,0.0,0.0,1.0,1.0,0.0,0.0
13,10.0,0.0,4.0,3,4.0,0.0,2.0,0.0,1.0,1.0,0.9937,470880.0
13,7.0,1.0,5.0,3,3.0,0.0,0.0,0.0,2.0,0.0,0.9754,92400.0
13,6.0,1.0,5.0,3,3.0,0.0,0.0,0.0,2.0,-999.0,0.0,0.0
13,1.0,1.0,4.0,3,3.0,4.0,0.0,0.0,2.0,1.0,0.0,0.0
13,6.0,0.0,5.0,3,3.0,0.0,0.0,0.0,1.0,1.0,0.0,0.0
13,10.0,0.0,5.0,1,3.0,0.0,1.0,0.0,1.0,1.0,0.8054,6480.0
40,3.0,1.0,7.0,3,3.0,0.0,0.0,1.0,2.0,0.0,0.9968,1038240.0
13,8.0,1.0,2.0,1,4.0,1.0,0.0,0.0,2.0,1.0,0.7456,4320.0
13,7.0,1.0,5.0,3,4.0,4.0,0.0,0.0,2.0,1.0,0.6811,2976.0
13,5.0,1.0,5.0,3,4.0,3.0,0.0,0.0,2.0,-999.0,0.8576,10080.0
13,2.0,1.0,2.0,3,3.0,0.0,0.0,0.0,2.0,1.0,0.9594,50400.0
13,5.0,1.0,2.0,3,3.0,0.0,0.0,0.0,2.0,1.0,0.0,0.0
13,9.0,0.0,7.0,1,4.0,0.0,0.0,1.0,1.0,1.0,0.0,0.0
13,3.0,1.0,4.0,1,0.0,4.0,0.0,0.0,2.0,0.0,0.9867,192960.0
13,7.0,0.0,4.0,3,3.0,0.0,1.0,0.0,1.0,1.0,0.9657,61920.0
13,7.0,0.0,4.0,3,4.0,0.0,0.0,0.0,1.0,1.0,0.2268,288.0
13,10.0,1.0,5.0,1,4.0,1.0,0.0,0.0,2.0,-999.0,0.0,0.0
13,6.0,1.0,4.0,3,4.0,0.0,0.0,0.0,2.0,-999.0,0.0,0.0
13,5.0,1.0,5.0,3,3.0,0.0,3.0,0.0,2.0,-999.0,0.8948,15120.0
13,7.0,0.0,5.0,1,3.0,0.0,1.0,0.0,1.0,-999.0,0.8948,15120.0
13,9.0,1.0,5.0,3,3.0,0.0,0.0,0.0,2.0,-999.0,0.0,0.0
13,10.0,1.0,5.0,3,4.0,0.0,0.0,0.0,2.0,-999.0,0.0,0.0
13,8.0,1.0,2.0,1,4.0,0.0,0.0,0.0,2.0,1.0,0.0,0.0
13,8.0,1.0,5.0,3,4.0,1.0,0.0,0.0,2.0,1.0,0.0,0.0
13,6.0,0.0,2.0,1,4.0,1.0,0.0,0.0,1.0,1.0,0.7697,5040.0
13,6.0,1.0,5.0,1,3.0,0.0,0.0,0.0,2.0,1.0,0.1034,96.0
13,1.0,1.0,5.0,3,3.0,1.0,0.0,0.0,2.0,1.0,0.819,7200.0
13,2.0,0.0,2.0,3,3.0,1.0,0.0,0.0,1.0,1.0,0.9771,100800.0
13,1.0,1.0,5.0,3,1.0,4.0,1.0,0.0,2.0,-999.0,0.8576,10080.0
13,9.0,1.0,2.0,1,4.0,0.0,1.0,0.0,2.0,1.0,0.9828,141960.0
13,6.0,0.0,5.0,3,3.0,0.0,0.0,0.0,1.0,-999.0,0.0,0.0
13,10.0,1.0,5.0,1,2.0,1.0,0.0,0.0,2.0,-999.0,0.9923,369360.0
13,8.0,1.0,5.0,1,4.0,0.0,0.0,0.0,2.0,1.0,0.0,0.0
13,9.0,1.0,5.0,1,3.0,0.0,0.0,0.0,2.0,-999.0,0.0,0.0
13,6.0,0.0,5.0,3,1.0,0.0,0.0,0.0,1.0,1.0,0.3293,528.0
13,9.0,1.0,5.0,1,4.0,3.0,0.0,0.0,2.0,-999.0,0.0,0.0
13,8.0,0.0,2.0,3,4.0,0.0,0.0,0.0,1.0,-999.0,0.0,0.0
13,7.0,0.0,5.0,3,3.0,0.0,0.0,0.0,1.0,-999.0,0.0,0.0
13,6.0,1.0,6.0,3,3.0,0.0,0.0,1.0,2.0,1.0,0.2618,360.0
13,10.0,0.0,5.0,1,4.0,1.0,0.0,0.0,1.0,-999.0,0.0,0.0
13,4.0,1.0,4.0,3,1.0,4.0,0.0,0.0,2.0,1.0,0.4031,768.0
4,4.0,1.0,2.0,3,3.0,0.0,0.0,0.0,2.0,0.0,0.9989,3689280.0
13,8.0,0.0,5.0,1,4.0,3.0,0.0,0.0,1.0,1.0,0.0,0.0
13,7.0,1.0,5.0,3,4.0,0.0,0.0,1.0,2.0,1.0,0.0,0.0
13,9.0,0.0,5.0,2,3.0,0.0,1.0,0.0,1.0,1.0,0.9928,403440.0
13,10.0,1.0,5.0,1,4.0,4.0,0.0,0.0,2.0,1.0,0.0,0.0
13,9.0,0.0,5.0,1,4.0,0.0,0.0,0.0,1.0,-999.0,0.0,0.0
13,2.0,0.0,4.0,3,1.0,2.0,0.0,2.0,1.0,-999.0,0.9951,626400.0
13,10.0,0.0,5.0,1,3.0,0.0,0.0,0.0,1.0,1.0,0.0,0.0
13,6.0,1.0,5.0,3,4.0,0.0,0.0,0.0,2.0,-999.0,0.0,0.0
13,4.0,1.0,4.0,3,3.0,2.0,0.0,0.0,2.0,-999.0,0.9514,40320.0
0,8.0,0.0,5.0,1,4.0,1.0,-999.0,0.0,1.0,-999.0,0.9946,569520.0
13,6.0,1.0,5.0,1,3.0,0.0,0.0,0.0,2.0,-999.0,0.0,0.0
13,9.0,0.0,6.0,1,4.0,0.0,0.0,0.0,1.0,1.0,0.9128,19320.0
13,7.0,1.0,5.0,3,3.0,0.0,0.0,0.0,2.0,-999.0,0.0,0.0
13,10.0,1.0,5.0,1,4.0,0.0,0.0,0.0,2.0,1.0,0.0,0.0
19,-999.0,0.0,5.0,1,4.0,0.0,1.0,0.0,1.0,-999.0,0.9989,3628800.0
13,4.0,1.0,5.0,1,4.0,2.0,0.0,0.0,2.0,1.0,0.9507,39600.0
13,7.0,1.0,5.0,1,4.0,0.0,0.0,0.0,2.0,-999.0,0.0,0.0
13,8.0,1.0,5.0,1,4.0,0.0,0.0,1.0,2.0,1.0,0.14,144.0
13,1.0,3.0,5.0,3,3.0,2.0,1.0,0.0,1.0,-999.0,0.9957,731520.0
13,7.0,0.0,2.0,1,3.0,3.0,0.0,0.0,1.0,1.0,0.7456,4320.0
13,3.0,1.0,5.0,3,3.0,3.0,0.0,0.0,2.0,-999.0,0.0,0.0
13,10.0,1.0,2.0,1,4.0,0.0,0.0,0.0,2.0,1.0,0.0,0.0
13,10.0,1.0,5.0,1,3.0,0.0,0.0,0.0,2.0,1.0,0.0,0.0
13,6.0,0.0,2.0,3,3.0,0.0,0.0,0.0,1.0,-999.0,0.0,0.0
13,6.0,0.0,4.0,3,1.0,1.0,0.0,0.0,1.0,-999.0,0.8948,15120.0
13,8.0,1.0,5.0,1,4.0,3.0,0.0,0.0,2.0,1.0,0.0,0.0
13,7.0,0.0,2.0,1,4.0,0.0,0.0,0.0,1.0,-999.0,0.5354,1440.0
13,6.0,1.0,4.0,3,4.0,0.0,0.0,0.0,2.0,-999.0,0.0,0.0
13,6.0,0.0,6.0,3,1.0,4.0,0.0,0.0,2.0,1.0,0.9902,276480.0
13,7.0,1.0,5.0,3,3.0,0.0,0.0,0.0,2.0,-999.0,0.0,0.0
13,5.0,1.0,2.0,3,3.0,0.0,0.0,0.0,2.0,1.0,0.0,0.0
13,10.0,1.0,5.0,1,4.0,3.0,0.0,0.0,2.0,1.0,0.0,0.0
21,1.0,1.0,2.0,3,1.0,2.0,-999.0,0.0,2.0,0.0,0.9983,2262960.0
13,5.0,0.0,5.0,3,3.0,1.0,0.0,0.0,1.0,-999.0,0.0,0.0
13,4.0,1.0,5.0,3,3.0,0.0,0.0,0.0,2.0,1.0,0.0,0.0
13,6.0,1.0,5.0,3,3.0,0.0,0.0,0.0,2.0,-999.0,0.0,0.0
13,10.0,0.0,5.0,1,4.0,1.0,0.0,0.0,1.0,1.0,0.0,0.0
23,8.0,0.0,5.0,3,4.0,0.0,0.0,0.0,-999.0,0.0,0.9976,1451520.0
13,6.0,1.0,4.0,3,1.0,0.0,0.0,0.0,2.0,-999.0,0.0,0.0
13,6.0,0.0,2.0,1,3.0,1.0,0.0,0.0,1.0,1.0,0.819,7200.0
13,4.0,1.0,5.0,3,3.0,0.0,1.0,0.0,2.0,-999.0,0.0,0.0
13,7.0,1.0,5.0,1,3.0,0.0,2.0,0.0,2.0,-999.0,0.0,0.0
13,8.0,1.0,5.0,3,2.0,0.0,0.0,1.0,2.0,1.0,0.9718,78480.0
13,10.0,0.0,5.0,1,0.0,0.0,0.0,0.0,1.0,1.0,0.8551,9840.0
13,5.0,1.0,2.0,3,3.0,0.0,0.0,0.0,2.0,-999.0,0.0,0.0
13,10.0,0.0,5.0,1,3.0,1.0,0.0,0.0,1.0,-999.0,0.0,0.0
13,10.0,1.0,5.0,1,4.0,0.0,0.0,0.0,2.0,1.0,0.0,0.0
13,7.0,1.0,5.0,1,3.0,3.0,0.0,0.0,2.0,-999.0,0.0,0.0
13,10.0,0.0,5.0,1,3.0,0.0,1.0,0.0,1.0,-999.0,0.0,0.0
13,6.0,0.0,5.0,1,4.0,0.0,1.0,1.0,1.0,1.0,0.9358,28488.0
13,7.0,1.0,5.0,1,4.0,4.0,0.0,0.0,2.0,-999.0,0.0,0.0
13,4.0,0.0,5.0,3,0.0,4.0,0.0,0.0,1.0,1.0,0.9194,21360.0
13,4.0,1.0,5.0,3,3.0,2.0,0.0,0.0,2.0,-999.0,0.0,0.0
13,7.0,0.0,2.0,3,4.0,0.0,-999.0,0.0,1.0,-999.0,0.0,0.0
13,6.0,0.0,2.0,1,1.0,0.0,0.0,0.0,1.0,1.0,0.9788,110880.0
13,8.0,0.0,5.0,1,3.0,0.0,0.0,0.0,1.0,-999.0,0.0,0.0
13,6.0,0.0,5.0,1,3.0,4.0,0.0,0.0,1.0,1.0,0.5954,1920.0
13,4.0,0.0,2.0,3,3.0,0.0,0.0,0.0,1.0,1.0,0.0,0.0
13,10.0,1.0,5.0,1,1.0,4.0,0.0,0.0,2.0,-999.0,0.9534,42480.0
1,10.0,1.0,5.0,1,1.0,1.0,0.0,0.0,2.0,-999.0,0.9989,3669120.0
13,8.0,1.0,4.0,3,4.0,0.0,0.0,0.0,2.0,-999.0,0.0,0.0
13,10.0,0.0,5.0,1,4.0,0.0,0.0,0.0,1.0,1.0,0.0,0.0
40,9.0,1.0,5.0,1,4.0,0.0,0.0,1.0,2.0,0.0,0.9335,27288.0
13,9.0,1.0,4.0,3,2.0,0.0,0.0,0.0,2.0,-999.0,0.9845,161280.0
13,6.0,0.0,5.0,3,3.0,0.0,0.0,0.0,1.0,-999.0,0.0,0.0
13,4.0,0.0,5.0,3,3.0,0.0,0.0,0.0,1.0,-999.0,0.0,0.0
13,6.0,0.0,5.0,1,3.0,0.0,0.0,0.0,1.0,1.0,0.0,0.0
13,1.0,0.0,5.0,3,0.0,1.0,1.0,0.0,1.0,-999.0,0.9811,126960.0
13,4.0,1.0,5.0,3,4.0,0.0,0.0,0.0,2.0,-999.0,0.0,0.0
13,9.0,1.0,5.0,3,3.0,0.0,0.0,0.0,2.0,1.0,0.3117,480.0
13,10.0,1.0,2.0,1,3.0,0.0,-999.0,0.0,2.0,1.0,0.0,0.0
13,1.0,1.0,4.0,3,3.0,2.0,0.0,1.0,2.0,-999.0,0.8709,11520.0
13,10.0,0.0,5.0,1,4.0,0.0,0.0,0.0,1.0,-999.0,0.0,0.0
13,6.0,1.0,5.0,3,4.0,0.0,0.0,0.0,2.0,1.0,0.0,0.0
13,8.0,1.0,5.0,1,4.0,0.0,0.0,0.0,2.0,-999.0,0.0,0.0
13,7.0,1.0,4.0,3,3.0,0.0,0.0,0.0,2.0,-999.0,0.0,0.0
13,8.0,1.0,4.0,3,3.0,1.0,2.0,0.0,2.0,1.0,0.9785,108960.0
13,6.0,0.0,5.0,3,1.0,0.0,0.0,1.0,1.0,1.0,0.905,17280.0
13,8.0,0.0,2.0,1,4.0,3.0,0.0,0.0,1.0,1.0,0.0,0.0
13,9.0,0.0,6.0,3,4.0,0.0,0.0,1.0,1.0,-999.0,0.9657,61920.0
13,7.0,0.0,5.0,1,4.0,3.0,0.0,0.0,1.0,1.0,0.0,0.0
13,7.0,0.0,5.0,3,3.0,0.0,0.0,0.0,1.0,-999.0,0.0,0.0
13,7.0,0.0,4.0,3,4.0,1.0,0.0,0.0,1.0,-999.0,0.9018,16560.0
13,10.0,1.0,2.0,1,4.0,0.0,0.0,0.0,2.0,1.0,0.0,0.0
13,7.0,1.0,5.0,3,4.0,3.0,-999.0,0.0,2.0,-999.0,0.0,0.0
13,3.0,1.0,4.0,3,3.0,0.0,0.0,0.0,2.0,1.0,0.9514,40320.0
13,10.0,1.0,5.0,1,4.0,0.0,0.0,1.0,2.0,-999.0,0.1223,120.0
13,7.0,1.0,5.0,3,1.0,0.0,0.0,0.0,2.0,-999.0,0.5354,1440.0
13,10.0,0.0,5.0,1,3.0,0.0,1.0,0.0,1.0,-999.0,0.0,0.0
13,1.0,1.0,5.0,3,1.0,4.0,-999.0,0.0,2.0,-999.0,0.0,0.0
13,6.0,1.0,2.0,3,3.0,0.0,1.0,0.0,2.0,-999.0,0.9387,30240.0
13,4.0,1.0,2.0,3,3.0,0.0,2.0,0.0,2.0,1.0,0.39,720.0
13,9.0,0.0,5.0,1,4.0,1.0,0.0,0.0,1.0,1.0,0.0,0.0
13,8.0,1.0,5.0,3,1.0,1.0,0.0,0.0,2.0,-999.0,0.0,0.0
13,6.0,0.0,5.0,1,4.0,3.0,0.0,0.0,1.0,-999.0,0.0,0.0
13,5.0,1.0,5.0,3,3.0,0.0,0.0,0.0,2.0,1.0,0.0,0.0
13,6.0,1.0,5.0,1,4.0,0.0,0.0,0.0,2.0,-999.0,0.0,0.0
13,9.0,0.0,5.0,1,2.0,0.0,0.0,0.0,1.0,-999.0,0.9705,74160.0
13,6.0,1.0,5.0,1,3.0,4.0,0.0,0.0,2.0,1.0,0.0,0.0
13,7.0,1.0,5.0,1,4.0,4.0,-999.0,0.0,2.0,1.0,0.0,0.0
16,8.0,1.0,5.0,1,3.0,1.0,0.0,1.0,2.0,1.0,0.9989,3672000.0
13,1.0,1.0,5.0,3,4.0,2.0,0.0,0.0,2.0,-999.0,0.0,0.0
48,1.0,0.0,2.0,1,3.0,3.0,0.0,0.0,1.0,0.0,0.999,3979440.0
13,8.0,0.0,5.0,3,4.0,0.0,0.0,0.0,1.0,1.0,0.0,0.0
13,7.0,1.0,6.0,3,3.0,0.0,0.0,0.0,2.0,1.0,0.9079,18000.0
13,8.0,0.0,5.0,1,4.0,1.0,0.0,0.0,1.0,1.0,0.0,0.0
13,5.0,1.0,5.0,1,0.0,0.0,0.0,0.0,2.0,-999.0,0.8646,10800.0
13,8.0,0.0,5.0,3,4.0,0.0,1.0,0.0,1.0,-999.0,0.0,0.0
13,8.0,1.0,5.0,3,3.0,0.0,0.0,0.0,2.0,-999.0,0.0,0.0
13,6.0,1.0,5.0,3,3.0,0.0,0.0,0.0,2.0,-999.0,0.0,0.0
13,8.0,0.0,5.0,3,4.0,0.0,0.0,0.0,1.0,-999.0,0.0,0.0
13,8.0,0.0,5.0,3,3.0,0.0,0.0,0.0,1.0,1.0,0.0,0.0
13,6.0,0.0,5.0,3,3.0,0.0,0.0,0.0,1.0,-999.0,0.0,0.0
13,8.0,0.0,5.0,3,4.0,0.0,0.0,0.0,1.0,1.0,0.0,0.0
13,9.0,0.0,5.0,1,4.0,3.0,0.0,0.0,1.0,-999.0,0.0,0.0
13,8.0,1.0,5.0,1,4.0,2.0,0.0,0.0,2.0,-999.0,0.9292,25200.0
13,8.0,0.0,5.0,1,4.0,3.0,0.0,0.0,1.0,-999.0,0.0,0.0
13,9.0,0.0,5.0,1,3.0,3.0,0.0,0.0,1.0,-999.0,0.0,0.0
47,8.0,0.0,5.0,1,4.0,1.0,-999.0,0.0,1.0,1.0,0.9976,1451520.0
13,10.0,1.0,5.0,1,4.0,0.0,0.0,0.0,2.0,-999.0,0.0,0.0
13,5.0,0.0,4.0,3,3.0,1.0,0.0,0.0,1.0,1.0,0.819,7200.0
13,7.0,0.0,5.0,1,3.0,3.0,0.0,0.0,1.0,-999.0,0.0,0.0
13,9.0,1.0,5.0,3,4.0,0.0,0.0,0.0,2.0,1.0,0.0,0.0
13,8.0,0.0,2.0,1,4.0,4.0,1.0,0.0,1.0,1.0,0.9834,148440.0
13,9.0,0.0,4.0,3,3.0,1.0,1.0,0.0,1.0,-999.0,0.9857,177120.0
13,8.0,0.0,5.0,3,4.0,0.0,0.0,0.0,1.0,1.0,0.0,0.0
13,5.0,0.0,5.0,1,3.0,1.0,0.0,0.0,1.0,-999.0,0.8709,11520.0
13,8.0,0.0,5.0,1,4.0,1.0,0.0,0.0,1.0,-999.0,0.0,0.0
13,1.0,0.0,5.0,3,3.0,0.0,0.0,1.0,1.0,1.0,0.9738,85680.0
21,2.0,1.0,6.0,3,3.0,0.0,0.0,0.0,-999.0,1.0,0.9984,2303280.0
13,1.0,4.0,5.0,3,1.0,2.0,3.0,1.0,1.0,-999.0,0.9973,1301040.0
13,4.0,0.0,2.0,3,3.0,0.0,0.0,0.0,1.0,1.0,0.0,0.0
13,7.0,1.0,1.0,1,3.0,0.0,2.0,0.0,2.0,-999.0,0.9939,483840.0
13,4.0,1.0,4.0,3,0.0,4.0,0.0,0.0,2.0,1.0,0.8996,16080.0
13,10.0,1.0,2.0,1,4.0,1.0,0.0,0.0,2.0,1.0,0.9514,40320.0
13,4.0,0.0,5.0,3,3.0,0.0,0.0,1.0,1.0,1.0,0.2008,240.0
13,5.0,1.0,5.0,3,4.0,2.0,0.0,0.0,2.0,-999.0,0.0,0.0
13,10.0,0.0,5.0,1,4.0,0.0,0.0,0.0,1.0,-999.0,0.0,0.0
13,8.0,1.0,5.0,1,4.0,3.0,0.0,0.0,2.0,1.0,0.0,0.0
13,10.0,0.0,5.0,1,4.0,3.0,0.0,0.0,1.0,-999.0,0.0,0.0
13,6.0,0.0,5.0,3,4.0,0.0,0.0,1.0,1.0,1.0,0.0,0.0
13,7.0,0.0,5.0,3,4.0,0.0,0.0,0.0,1.0,1.0,0.0,0.0
13,8.0,1.0,4.0,3,4.0,0.0,0.0,0.0,2.0,-999.0,0.0,0.0
13,3.0,0.0,5.0,3,3.0,1.0,0.0,0.0,1.0,1.0,0.0,0.0
13,9.0,1.0,5.0,1,3.0,3.0,0.0,0.0,2.0,1.0,0.0,0.0
13,10.0,0.0,2.0,1,3.0,0.0,0.0,0.0,1.0,1.0,0.0,0.0
13,7.0,1.0,4.0,3,2.0,4.0,0.0,0.0,2.0,-999.0,0.959,49680.0
13,10.0,1.0,5.0,1,4.0,0.0,0.0,0.0,2.0,-999.0,0.0,0.0
13,7.0,1.0,5.0,3,3.0,3.0,0.0,0.0,2.0,-999.0,0.0,0.0
13,5.0,1.0,5.0,3,3.0,0.0,0.0,0.0,2.0,-999.0,0.0,0.0
13,7.0,1.0,5.0,3,4.0,2.0,2.0,0.0,2.0,1.0,0.8409,8640.0
13,6.0,1.0,5.0,3,4.0,0.0,0.0,0.0,2.0,-999.0,0.0,0.0
13,8.0,-999.0,5.0,1,4.0,0.0,0.0,0.0,1.0,-999.0,0.0,0.0
13,8.0,0.0,5.0,1,4.0,0.0,0.0,0.0,1.0,-999.0,0.0,0.0
13,6.0,1.0,2.0,3,4.0,0.0,0.0,0.0,2.0,1.0,0.0,0.0
13,5.0,1.0,5.0,3,1.0,0.0,0.0,0.0,2.0,-999.0,0.6192,2160.0
13,9.0,1.0,5.0,3,4.0,0.0,0.0,0.0,2.0,-999.0,0.0,0.0
13,8.0,0.0,5.0,1,4.0,0.0,0.0,0.0,1.0,-999.0,0.0,0.0
13,10.0,0.0,5.0,1,4.0,0.0,0.0,0.0,1.0,1.0,0.0,0.0
13,1.0,0.0,4.0,3,0.0,2.0,0.0,1.0,1.0,1.0,0.9824,138360.0
13,6.0,0.0,5.0,3,4.0,3.0,0.0,0.0,1.0,1.0,0.0,0.0
13,5.0,1.0,5.0,3,3.0,0.0,0.0,0.0,2.0,-999.0,0.0,0.0
13,8.0,1.0,6.0,3,4.0,0.0,0.0,0.0,2.0,-999.0,0.0,0.0
13,8.0,1.0,5.0,1,4.0,0.0,0.0,0.0,2.0,1.0,0.0,0.0
13,1.0,1.0,5.0,3,1.0,4.0,2.0,0.0,2.0,-999.0,0.9558,45360.0
13,7.0,1.0,5.0,3,4.0,3.0,0.0,0.0,2.0,-999.0,0.0,0.0
13,8.0,0.0,5.0,1,4.0,0.0,0.0,0.0,1.0,-999.0,0.0,0.0
13,8.0,1.0,5.0,3,4.0,3.0,0.0,0.0,2.0,-999.0,0.0,0.0
13,8.0,0.0,2.0,1,4.0,1.0,0.0,0.0,1.0,1.0,0.8576,10080.0
13,8.0,1.0,5.0,3,4.0,0.0,0.0,0.0,2.0,1.0,0.0,0.0
13,10.0,1.0,4.0,3,1.0,2.0,0.0,1.0,2.0,1.0,0.9753,92160.0
13,7.0,0.0,5.0,3,4.0,1.0,0.0,0.0,1.0,-999.0,0.5354,1440.0
6,10.0,1.0,2.0,1,3.0,0.0,-999.0,0.0,2.0,0.0,0.9514,40320.0
13,10.0,0.0,5.0,1,4.0,0.0,0.0,0.0,1.0,-999.0,0.0,0.0
13,10.0,0.0,5.0,1,4.0,0.0,0.0,0.0,1.0,-999.0,0.0,0.0
13,5.0,1.0,4.0,1,4.0,0.0,0.0,0.0,2.0,-999.0,0.844,8880.0
2,6.0,1.0,4.0,3,3.0,0.0,0.0,0.0,2.0,0.0,0.9989,3715920.0
13,4.0,1.0,4.0,3,3.0,4.0,1.0,0.0,2.0,-999.0,0.9803,120960.0
13,8.0,1.0,5.0,3,4.0,1.0,-999.0,0.0,2.0,-999.0,0.0,0.0
13,10.0,1.0,6.0,1,4.0,0.0,0.0,0.0,2.0,-999.0,0.0,0.0
13,9.0,0.0,5.0,1,4.0,0.0,0.0,0.0,1.0,1.0,0.0,0.0
13,1.0,1.0,5.0,3,3.0,2.0,0.0,0.0,2.0,-999.0,0.0,0.0
13,10.0,0.0,5.0,1,4.0,3.0,0.0,0.0,1.0,1.0,0.0,0.0
13,6.0,4.0,7.0,1,2.0,2.0,2.0,1.0,2.0,1.0,0.9984,2398440.0
13,4.0,1.0,5.0,3,0.0,0.0,0.0,0.0,2.0,1.0,0.9208,21864.0
13,4.0,1.0,5.0,3,3.0,0.0,0.0,0.0,2.0,-999.0,0.0,0.0
13,8.0,0.0,5.0,3,1.0,-999.0,0.0,0.0,1.0,1.0,0.0,0.0
13,7.0,1.0,5.0,1,2.0,3.0,-999.0,0.0,2.0,1.0,0.8948,15120.0
13,8.0,0.0,5.0,3,4.0,0.0,1.0,0.0,1.0,-999.0,0.0,0.0
46,7.0,0.0,5.0,3,4.0,3.0,0.0,0.0,1.0,1.0,0.9989,3628800.0
13,4.0,0.0,5.0,3,0.0,0.0,0.0,1.0,1.0,1.0,0.9295,25320.0
13,3.0,1.0,5.0,3,4.0,2.0,0.0,0.0,2.0,-999.0,0.0,0.0
13,6.0,1.0,5.0,3,4.0,0.0,0.0,1.0,2.0,1.0,0.0,0.0
13,9.0,0.0,5.0,1,4.0,0.0,0.0,0.0,1.0,-999.0,0.0,0.0
13,6.0,1.0,1.0,1,4.0,4.0,0.0,0.0,2.0,1.0,0.9957,742320.0
13,10.0,0.0,5.0,1,4.0,3.0,0.0,0.0,1.0,-999.0,0.0,0.0
13,9.0,0.0,5.0,1,4.0,3.0,0.0,0.0,1.0,-999.0,0.0,0.0
0,-999.0,-999.0,-999.0,0,-999.0,-999.0,-999.0,-999.0,-999.0,-999.0,0.0,0.0
13,7.0,1.0,5.0,3,4.0,0.0,0.0,0.0,2.0,1.0,0.0,0.0
13,6.0,1.0,5.0,3,4.0,0.0,0.0,0.0,2.0,-999.0,0.0,0.0
13,6.0,1.0,5.0,3,3.0,0.0,3.0,0.0,2.0,1.0,0.9724,80640.0
13,6.0,1.0,5.0,3,2.0,1.0,2.0,0.0,2.0,-999.0,0.9828,142560.0
13,5.0,1.0,2.0,3,3.0,0.0,0.0,0.0,2.0,-999.0,0.0,0.0
20,8.0,0.0,5.0,3,4.0,0.0,1.0,0.0,1.0,1.0,0.9989,3628800.0
13,10.0,0.0,5.0,0,3.0,0.0,1.0,0.0,1.0,-999.0,0.995,619920.0
13,9.0,1.0,5.0,1,3.0,0.0,0.0,0.0,2.0,1.0,0.0,0.0
13,7.0,1.0,5.0,3,2.0,0.0,0.0,0.0,2.0,-999.0,0.8766,12240.0
13,9.0,0.0,5.0,3,4.0,0.0,1.0,0.0,1.0,-999.0,0.0,0.0
13,5.0,0.0,6.0,3,3.0,0.0,0.0,1.0,1.0,-999.0,0.8003,6240.0
13,5.0,0.0,5.0,3,3.0,3.0,0.0,0.0,1.0,-999.0,0.5354,1440.0
13,7.0,1.0,5.0,3,4.0,0.0,-999.0,0.0,2.0,1.0,0.0,0.0
13,10.0,1.0,5.0,1,3.0,1.0,1.0,0.0,2.0,-999.0,0.9673,65520.0
13,10.0,1.0,5.0,1,4.0,0.0,0.0,0.0,2.0,-999.0,0.0,0.0
13,7.0,5.0,5.0,1,2.0,0.0,2.0,0.0,1.0,1.0,0.9973,1285680.0
13,7.0,1.0,5.0,1,3.0,0.0,3.0,0.0,2.0,-999.0,0.0,0.0
13,10.0,1.0,5.0,3,4.0,0.0,0.0,0.0,2.0,1.0,0.0,0.0
13,10.0,1.0,5.0,1,3.0,3.0,0.0,0.0,2.0,-999.0,0.0,0.0
13,5.0,1.0,4.0,0,3.0,0.0,0.0,0.0,2.0,-999.0,0.9788,110880.0
13,7.0,1.0,5.0,1,4.0,0.0,0.0,0.0,2.0,-999.0,0.0,0.0
13,7.0,1.0,5.0,3,4.0,0.0,0.0,0.0,2.0,-999.0,0.0,0.0
13,9.0,1.0,4.0,3,4.0,0.0,0.0,0.0,2.0,-999.0,0.0,0.0
13,7.0,1.0,5.0,1,3.0,0.0,2.0,0.0,2.0,-999.0,0.0,0.0
13,4.0,1.0,5.0,3,3.0,0.0,2.0,0.0,2.0,-999.0,0.0,0.0
13,3.0,0.0,5.0,3,1.0,2.0,2.0,0.0,1.0,-999.0,0.9788,110880.0
13,6.0,0.0,2.0,1,4.0,0.0,0.0,0.0,1.0,1.0,0.0,0.0
13,10.0,0.0,5.0,1,4.0,0.0,0.0,0.0,1.0,1.0,0.0,0.0
13,6.0,1.0,4.0,3,0.0,0.0,0.0,0.0,2.0,1.0,0.9647,59760.0
13,6.0,1.0,5.0,3,4.0,0.0,0.0,1.0,2.0,1.0,0.0,0.0
13,7.0,0.0,5.0,1,3.0,0.0,0.0,0.0,1.0,-999.0,0.0,0.0
13,6.0,-999.0,4.0,1,4.0,1.0,0.0,1.0,2.0,-999.0,0.9823,137040.0
13,2.0,1.0,5.0,1,4.0,0.0,0.0,0.0,2.0,-999.0,0.9832,146160.0
13,1.0,0.0,5.0,3,3.0,0.0,0.0,0.0,1.0,-999.0,0.6192,2160.0
13,8.0,1.0,5.0,1,4.0,0.0,2.0,0.0,2.0,1.0,0.6192,2160.0
13,5.0,1.0,5.0,3,3.0,-999.0,0.0,0.0,2.0,1.0,0.0,0.0
13,6.0,1.0,5.0,1,1.0,1.0,0.0,0.0,2.0,-999.0,0.8948,15120.0
13,5.0,0.0,4.0,3,1.0,0.0,0.0,0.0,1.0,1.0,0.675,2880.0
13,8.0,0.0,4.0,1,1.0,3.0,0.0,0.0,1.0,1.0,0.8576,10080.0
13,7.0,1.0,5.0,3,4.0,-999.0,1.0,0.0,2.0,-999.0,0.0,0.0
13,5.0,0.0,5.0,1,4.0,0.0,0.0,0.0,1.0,-999.0,0.7031,3360.0
13,6.0,1.0,4.0,3,4.0,1.0,0.0,0.0,2.0,-999.0,0.0,0.0
14,6.0,0.0,6.0,1,0.0,0.0,0.0,0.0,1.0,-999.0,0.9989,3735360.0
13,8.0,0.0,5.0,1,4.0,0.0,-999.0,0.0,1.0,-999.0,0.0,0.0
13,6.0,0.0,5.0,3,3.0,0.0,0.0,0.0,1.0,1.0,0.0,0.0
13,10.0,1.0,5.0,1,4.0,1.0,0.0,0.0,2.0,-999.0,0.0,0.0
13,8.0,1.0,5.0,3,4.0,0.0,0.0,0.0,2.0,-999.0,0.0,0.0
13,9.0,1.0,5.0,1,4.0,0.0,0.0,0.0,2.0,1.0,0.0,0.0
13,9.0,5.0,5.0,3,4.0,0.0,3.0,0.0,2.0,-999.0,0.9971,1179360.0
13,6.0,0.0,5.0,3,4.0,3.0,0.0,0.0,1.0,1.0,0.0,0.0
13,10.0,1.0,5.0,1,4.0,0.0,1.0,1.0,2.0,1.0,0.9761,95880.0
13,4.0,1.0,5.0,3,3.0,0.0,0.0,0.0,2.0,-999.0,0.0,0.0
13,9.0,1.0,5.0,1,4.0,0.0,0.0,0.0,2.0,-999.0,0.0,0.0
13,6.0,1.0,4.0,3,3.0,2.0,0.0,0.0,2.0,1.0,0.5354,1440.0
13,6.0,1.0,5.0,3,2.0,0.0,0.0,0.0,2.0,-999.0,0.0,0.0
13,8.0,0.0,5.0,1,4.0,0.0,0.0,0.0,1.0,-999.0,0.0,0.0
13,5.0,1.0,4.0,3,3.0,0.0,0.0,0.0,2.0,1.0,0.2008,240.0
13,4.0,1.0,2.0,3,3.0,0.0,0.0,0.0,2.0,1.0,0.0,0.0
13,8.0,0.0,5.0,1,4.0,0.0,0.0,0.0,1.0,1.0,0.0,0.0
13,10.0,1.0,5.0,3,4.0,0.0,0.0,0.0,2.0,1.0,0.0,0.0
13,2.0,1.0,5.0,3,3.0,3.0,0.0,0.0,2.0,-999.0,0.9845,161280.0
13,7.0,0.0,5.0,3,4.0,0.0,1.0,0.0,1.0,-999.0,0.0,0.0
13,8.0,1.0,4.0,3,4.0,0.0,0.0,0.0,2.0,-999.0,0.0,0.0
13,8.0,0.0,5.0,1,4.0,3.0,0.0,0.0,1.0,1.0,0.0,0.0
13,9.0,1.0,5.0,3,3.0,0.0,0.0,0.0,2.0,-999.0,0.0,0.0
13,6.0,0.0,5.0,3,4.0,0.0,0.0,0.0,1.0,-999.0,0.0,0.0
13,10.0,1.0,5.0,1,4.0,4.0,0.0,0.0,2.0,1.0,0.0,0.0
13,6.0,0.0,5.0,3,3.0,0.0,0.0,0.0,1.0,1.0,0.0,0.0
13,6.0,1.0,4.0,3,3.0,0.0,0.0,0.0,2.0,-999.0,0.0,0.0
13,7.0,0.0,5.0,1,4.0,0.0,0.0,0.0,1.0,1.0,0.0,0.0
13,8.0,0.0,4.0,1,1.0,3.0,0.0,0.0,1.0,-999.0,0.0,0.0
13,7.0,0.0,5.0,3,4.0,0.0,1.0,0.0,1.0,-999.0,0.0,0.0
13,8.0,1.0,5.0,3,1.0,1.0,0.0,0.0,2.0,1.0,0.7831,5520.0
13,1.0,1.0,4.0,3,0.0,4.0,-999.0,0.0,2.0,1.0,0.675,2880.0
13,6.0,1.0,5.0,3,4.0,0.0,0.0,0.0,2.0,-999.0,0.0,0.0
13,8.0,1.0,5.0,1,4.0,4.0,2.0,0.0,2.0,1.0,0.9845,161280.0
13,7.0,1.0,5.0,1,3.0,0.0,3.0,0.0,2.0,-999.0,0.0,0.0
13,9.0,1.0,6.0,1,4.0,3.0,0.0,0.0,2.0,1.0,0.941,31680.0
13,3.0,1.0,2.0,3,4.0,0.0,0.0,0.0,2.0,1.0,0.9724,80640.0
13,8.0,0.0,5.0,3,3.0,0.0,1.0,0.0,1.0,-999.0,0.0,0.0
13,1.0,0.0,5.0,3,3.0,4.0,0.0,0.0,1.0,1.0,0.7163,3624.0
13,10.0,1.0,5.0,1,4.0,1.0,0.0,0.0,2.0,1.0,0.0,0.0
13,7.0,1.0,2.0,3,4.0,0.0,0.0,0.0,2.0,1.0,0.0,0.0
13,7.0,1.0,5.0,1,4.0,4.0,0.0,0.0,2.0,-999.0,0.0,0.0
13,4.0,1.0,5.0,3,3.0,1.0,0.0,0.0,2.0,-999.0,0.6192,2160.0
13,6.0,0.0,5.0,3,3.0,0.0,0.0,1.0,1.0,1.0,0.0,0.0
13,2.0,0.0,5.0,3,2.0,4.0,0.0,0.0,1.0,1.0,0.9939,485280.0
13,7.0,0.0,4.0,1,4.0,0.0,0.0,0.0,1.0,1.0,0.6897,3120.0
13,8.0,1.0,5.0,1,3.0,0.0,0.0,0.0,2.0,1.0,0.0,0.0
13,8.0,0.0,5.0,1,4.0,0.0,0.0,0.0,1.0,1.0,0.0,0.0
13,5.0,1.0,5.0,3,4.0,0.0,0.0,0.0,2.0,-999.0,0.0,0.0
13,7.0,0.0,2.0,3,4.0,0.0,0.0,0.0,1.0,-999.0,0.0,0.0
13,9.0,1.0,5.0,3,4.0,0.0,0.0,0.0,2.0,1.0,0.0,0.0
13,3.0,0.0,5.0,3,3.0,1.0,0.0,0.0,1.0,1.0,0.0,0.0
13,10.0,0.0,5.0,1,4.0,0.0,0.0,0.0,1.0,1.0,0.0,0.0
13,10.0,0.0,5.0,1,4.0,1.0,0.0,0.0,1.0,1.0,0.0,0.0
13,9.0,1.0,5.0,3,3.0,0.0,0.0,0.0,2.0,-999.0,0.0,0.0
13,6.0,0.0,5.0,1,4.0,3.0,0.0,0.0,1.0,1.0,0.0,0.0
13,8.0,1.0,5.0,3,3.0,0.0,0.0,0.0,2.0,1.0,0.0,0.0
13,9.0,0.0,5.0,1,1.0,0.0,1.0,0.0,1.0,-999.0,0.9796,115920.0
13,4.0,1.0,4.0,3,1.0,4.0,0.0,1.0,2.0,-999.0,0.9594,50400.0
13,7.0,0.0,5.0,3,4.0,0.0,1.0,1.0,1.0,1.0,0.0,0.0
13,4.0,1.0,6.0,3,3.0,0.0,0.0,0.0,2.0,1.0,0.0,0.0
13,7.0,0.0,5.0,1,3.0,3.0,0.0,0.0,1.0,1.0,0.2618,360.0
13,10.0,0.0,5.0,1,4.0,1.0,0.0,0.0,1.0,1.0,0.0,0.0
13,7.0,1.0,5.0,1,4.0,1.0,0.0,0.0,2.0,1.0,0.3117,480.0
13,7.0,1.0,5.0,3,4.0,1.0,0.0,0.0,2.0,1.0,0.2618,360.0
13,1.0,1.0,6.0,3,4.0,4.0,0.0,1.0,2.0,-999.0,0.9772,101280.0
13,8.0,0.0,5.0,3,3.0,0.0,0.0,0.0,1.0,-999.0,0.0,0.0
13,7.0,0.0,2.0,3,3.0,0.0,0.0,0.0,1.0,-999.0,0.0,0.0
13,10.0,1.0,5.0,1,4.0,1.0,0.0,0.0,2.0,-999.0,0.0,0.0
13,9.0,1.0,5.0,1,4.0,0.0,0.0,0.0,2.0,1.0,0.0,0.0
13,8.0,1.0,4.0,3,4.0,0.0,0.0,0.0,2.0,1.0,0.5678,1680.0
13,6.0,1.0,5.0,3,4.0,0.0,0.0,0.0,2.0,-999.0,0.0,0.0
13,6.0,1.0,4.0,3,3.0,0.0,0.0,0.0,2.0,-999.0,0.0,0.0
13,9.0,1.0,5.0,1,3.0,1.0,0.0,0.0,2.0,-999.0,0.0,0.0
13,6.0,1.0,5.0,1,3.0,3.0,0.0,0.0,2.0,-999.0,0.5354,1440.0
13,10.0,1.0,4.0,1,4.0,0.0,0.0,0.0,2.0,-999.0,0.0,0.0
13,6.0,1.0,4.0,1,0.0,0.0,0.0,0.0,2.0,-999.0,0.8709,11520.0
13,7.0,0.0,5.0,1,4.0,3.0,0.0,0.0,1.0,1.0,0.0,0.0
13,9.0,1.0,5.0,3,4.0,0.0,0.0,0.0,2.0,1.0,0.0,0.0
13,9.0,1.0,5.0,1,4.0,1.0,0.0,0.0,2.0,1.0,0.0,0.0
13,7.0,1.0,4.0,3,4.0,-999.0,0.0,0.0,2.0,-999.0,0.0,0.0
13,4.0,1.0,2.0,3,3.0,0.0,0.0,0.0,2.0,-999.0,0.0,0.0
40,5.0,0.0,6.0,1,2.0,0.0,1.0,1.0,1.0,1.0,0.9964,910800.0
13,8.0,0.0,5.0,1,4.0,-999.0,0.0,0.0,1.0,-999.0,0.0,0.0
13,8.0,0.0,4.0,1,3.0,0.0,0.0,0.0,1.0,-999.0,0.5354,1440.0
13,8.0,1.0,5.0,1,1.0,3.0,0.0,0.0,2.0,-999.0,0.0,0.0
13,8.0,1.0,-999.0,1,4.0,0.0,0.0,1.0,2.0,1.0,0.0,0.0
13,10.0,0.0,5.0,1,4.0,1.0,0.0,0.0,1.0,-999.0,0.0,0.0
13,8.0,1.0,6.0,1,3.0,0.0,0.0,0.0,2.0,1.0,0.8956,15288.0
13,5.0,1.0,5.0,3,4.0,2.0,2.0,0.0,2.0,1.0,0.9559,45480.0
0,1.0,1.0,2.0,1,4.0,4.0,0.0,0.0,2.0,-999.0,0.9929,408240.0
13,7.0,1.0,5.0,3,3.0,3.0,0.0,0.0,2.0,-999.0,0.0,0.0
13,10.0,1.0,5.0,1,4.0,0.0,0.0,0.0,2.0,-999.0,0.0,0.0
13,9.0,0.0,5.0,1,4.0,3.0,0.0,-999.0,1.0,1.0,0.0,0.0
13,4.0,0.0,5.0,3,3.0,0.0,0.0,0.0,1.0,1.0,0.0,0.0
13,6.0,0.0,5.0,3,3.0,0.0,0.0,0.0,1.0,-999.0,0.0,0.0
13,8.0,0.0,5.0,3,4.0,0.0,0.0,0.0,1.0,-999.0,0.0,0.0
13,9.0,0.0,5.0,1,4.0,3.0,0.0,0.0,1.0,-999.0,0.0,0.0
13,10.0,0.0,5.0,3,4.0,0.0,0.0,0.0,1.0,-999.0,0.0,0.0
13,8.0,0.0,5.0,3,4.0,3.0,0.0,0.0,1.0,-999.0,0.0,0.0
13,6.0,1.0,5.0,3,3.0,0.0,1.0,0.0,2.0,-999.0,0.0,0.0
13,7.0,1.0,5.0,3,4.0,0.0,0.0,0.0,2.0,1.0,0.0,0.0
13,7.0,1.0,5.0,1,4.0,3.0,-999.0,-999.0,2.0,-999.0,0.0,0.0
13,9.0,0.0,5.0,1,3.0,0.0,0.0,0.0,1.0,-999.0,0.0,0.0
13,6.0,1.0,5.0,3,3.0,0.0,0.0,0.0,2.0,-999.0,0.0,0.0
13,7.0,1.0,5.0,3,4.0,3.0,0.0,0.0,2.0,-999.0,0.0,0.0
13,10.0,0.0,5.0,1,0.0,0.0,1.0,0.0,1.0,1.0,0.9816,131040.0
13,6.0,1.0,5.0,3,3.0,0.0,-999.0,0.0,2.0,-999.0,0.0,0.0
13,8.0,0.0,5.0,3,3.0,0.0,0.0,0.0,1.0,1.0,0.0,0.0
13,10.0,0.0,2.0,1,4.0,3.0,0.0,0.0,1.0,-999.0,0.9514,40320.0
13,6.0,0.0,4.0,3,3.0,1.0,0.0,0.0,1.0,1.0,0.7543,4560.0
13,10.0,1.0,5.0,1,4.0,3.0,0.0,0.0,2.0,-999.0,0.0,0.0
13,7.0,1.0,5.0,3,3.0,0.0,0.0,1.0,2.0,1.0,0.5354,1440.0
13,9.0,0.0,5.0,1,4.0,0.0,0.0,-999.0,1.0,1.0,0.0,0.0
13,7.0,0.0,4.0,1,1.0,0.0,0.0,-999.0,1.0,-999.0,0.8818,12960.0
13,10.0,1.0,5.0,3,4.0,0.0,0.0,0.0,2.0,-999.0,0.0,0.0
13,8.0,1.0,5.0,3,4.0,0.0,0.0,0.0,2.0,1.0,0.0,0.0
13,6.0,1.0,5.0,3,4.0,0.0,0.0,0.0,2.0,1.0,0.0,0.0
13,7.0,1.0,6.0,3,1.0,2.0,0.0,0.0,2.0,-999.0,0.9743,87840.0
13,10.0,1.0,5.0,1,3.0,4.0,0.0,0.0,2.0,-999.0,0.0,0.0
13,6.0,1.0,5.0,3,2.0,0.0,0.0,0.0,2.0,1.0,0.7831,5520.0
13,7.0,1.0,5.0,3,3.0,0.0,3.0,0.0,2.0,1.0,0.9625,55440.0
13,5.0,0.0,6.0,3,1.0,0.0,0.0,0.0,1.0,1.0,0.947,36240.0
13,4.0,1.0,4.0,3,0.0,1.0,0.0,0.0,2.0,-999.0,0.7697,5040.0
13,5.0,1.0,5.0,0,4.0,2.0,0.0,0.0,2.0,1.0,0.9853,171480.0
40,2.0,1.0,5.0,3,4.0,1.0,0.0,1.0,2.0,0.0,0.9922,365760.0
13,9.0,1.0,5.0,1,4.0,1.0,0.0,0.0,2.0,1.0,0.0,0.0
13,8.0,1.0,5.0,1,4.0,0.0,-999.0,0.0,2.0,-999.0,0.0,0.0
13,9.0,1.0,5.0,1,4.0,0.0,0.0,0.0,2.0,-999.0,0.0,0.0
13,8.0,1.0,5.0,3,4.0,1.0,0.0,0.0,2.0,-999.0,0.0,0.0
40,4.0,1.0,5.0,3,4.0,4.0,0.0,1.0,2.0,1.0,0.9701,72960.0
13,6.0,0.0,5.0,3,3.0,2.0,1.0,0.0,1.0,-999.0,0.975,90720.0
13,6.0,1.0,4.0,3,3.0,0.0,0.0,0.0,2.0,-999.0,0.0,0.0
13,9.0,1.0,2.0,1,3.0,0.0,0.0,1.0,2.0,1.0,0.9558,45360.0
13,10.0,1.0,5.0,1,4.0,0.0,0.0,0.0,2.0,-999.0,0.0,0.0
13,8.0,1.0,4.0,0,4.0,3.0,0.0,0.0,2.0,-999.0,0.9849,166320.0
13,8.0,1.0,5.0,3,3.0,0.0,0.0,0.0,2.0,1.0,0.0,0.0
13,7.0,0.0,5.0,3,4.0,0.0,0.0,0.0,1.0,-999.0,0.0,0.0
13,8.0,1.0,5.0,1,4.0,0.0,0.0,0.0,2.0,1.0,0.0,0.0
13,8.0,0.0,5.0,3,3.0,0.0,1.0,0.0,1.0,-999.0,0.0,0.0
13,3.0,1.0,5.0,3,0.0,4.0,0.0,0.0,2.0,1.0,0.9308,25920.0
13,8.0,0.0,5.0,1,3.0,0.0,0.0,0.0,1.0,-999.0,0.0,0.0
13,7.0,1.0,5.0,3,0.0,3.0,0.0,0.0,2.0,-999.0,0.9771,100800.0
13,10.0,0.0,5.0,1,4.0,0.0,0.0,0.0,1.0,-999.0,0.0,0.0
13,8.0,1.0,5.0,1,4.0,0.0,0.0,0.0,2.0,-999.0,0.0,0.0
13,7.0,1.0,5.0,3,3.0,0.0,0.0,0.0,2.0,-999.0,0.0,0.0
13,-999.0,1.0,5.0,3,3.0,2.0,0.0,0.0,2.0,-999.0,0.0,0.0
13,9.0,1.0,5.0,1,4.0,0.0,2.0,0.0,2.0,-999.0,0.0,0.0
13,10.0,0.0,5.0,1,4.0,3.0,0.0,0.0,1.0,1.0,0.0,0.0
13,7.0,1.0,5.0,3,4.0,0.0,0.0,0.0,2.0,1.0,0.0,0.0
13,9.0,0.0,5.0,3,3.0,0.0,0.0,0.0,1.0,-999.0,0.0,0.0
13,6.0,1.0,5.0,3,3.0,0.0,0.0,0.0,2.0,1.0,0.0,0.0
13,4.0,1.0,4.0,3,3.0,3.0,0.0,0.0,2.0,1.0,0.0,0.0
13,8.0,1.0,5.0,3,3.0,0.0,3.0,0.0,2.0,1.0,0.819,7200.0
13,3.0,0.0,5.0,3,1.0,3.0,-999.0,0.0,1.0,-999.0,0.9514,40320.0
13,7.0,0.0,5.0,1,4.0,0.0,0.0,0.0,1.0,1.0,0.0,0.0
13,6.0,1.0,4.0,3,3.0,0.0,0.0,0.0,2.0,-999.0,0.0,0.0
13,2.0,1.0,4.0,3,1.0,2.0,0.0,0.0,2.0,-999.0,0.6192,2160.0
13,6.0,1.0,6.0,3,3.0,1.0,0.0,0.0,2.0,-999.0,0.9822,136800.0
13,6.0,1.0,5.0,3,4.0,0.0,0.0,0.0,2.0,1.0,0.0,0.0
13,7.0,1.0,5.0,0,1.0,0.0,0.0,0.0,2.0,1.0,0.985,167040.0
13,8.0,0.0,2.0,1,3.0,0.0,0.0,0.0,1.0,1.0,0.7197,3696.0
13,7.0,1.0,5.0,0,4.0,3.0,0.0,0.0,2.0,1.0,0.9845,161280.0
13,10.0,0.0,5.0,1,3.0,3.0,0.0,0.0,1.0,-999.0,0.0,0.0
13,9.0,0.0,5.0,1,4.0,4.0,0.0,0.0,1.0,-999.0,0.0,0.0
13,8.0,0.0,5.0,3,4.0,0.0,0.0,0.0,1.0,1.0,0.0,0.0
13,8.0,0.0,5.0,3,4.0,0.0,1.0,1.0,1.0,-999.0,0.8054,6480.0
13,8.0,0.0,5.0,1,4.0,3.0,-999.0,0.0,1.0,-999.0,0.0,0.0
13,8.0,0.0,5.0,1,4.0,0.0,0.0,0.0,1.0,1.0,0.0,0.0
13,4.0,1.0,6.0,3,3.0,0.0,0.0,1.0,2.0,-999.0,0.8576,10080.0
13,3.0,0.0,5.0,3,3.0,4.0,0.0,1.0,1.0,1.0,0.9901,274080.0
13,10.0,1.0,5.0,1,4.0,0.0,0.0,0.0,2.0,-999.0,0.0,0.0
13,7.0,1.0,5.0,3,4.0,0.0,0.0,0.0,2.0,-999.0,0.0,0.0
13,4.0,1.0,2.0,3,1.0,2.0,0.0,0.0,2.0,1.0,0.9564,46080.0
13,9.0,0.0,5.0,1,4.0,3.0,0.0,0.0,1.0,1.0,0.0,0.0
13,6.0,1.0,5.0,3,4.0,3.0,0.0,0.0,2.0,-999.0,0.0,0.0
13,7.0,0.0,5.0,3,4.0,3.0,0.0,0.0,1.0,1.0,0.0,0.0
13,-999.0,1.0,2.0,3,4.0,0.0,0.0,0.0,2.0,1.0,0.0,0.0
13,10.0,1.0,5.0,1,3.0,0.0,0.0,0.0,2.0,-999.0,0.0,0.0
13,4.0,1.0,4.0,3,3.0,0.0,0.0,1.0,2.0,-999.0,0.9292,25200.0
13,7.0,0.0,2.0,3,3.0,0.0,0.0,0.0,1.0,1.0,0.3117,480.0
13,5.0,0.0,5.0,3,4.0,2.0,0.0,0.0,1.0,-999.0,0.9157,20160.0
13,8.0,0.0,5.0,1,4.0,3.0,0.0,0.0,1.0,-999.0,0.0,0.0
13,8.0,1.0,5.0,3,0.0,2.0,0.0,0.0,2.0,1.0,0.9818,132480.0
13,6.0,0.0,4.0,1,4.0,0.0,0.0,0.0,1.0,-999.0,0.0,0.0
13,7.0,1.0,4.0,3,4.0,0.0,0.0,-999.0,2.0,-999.0,0.0,0.0
13,6.0,1.0,5.0,3,4.0,0.0,-999.0,-999.0,2.0,1.0,0.0,0.0
13,7.0,1.0,5.0,3,3.0,1.0,0.0,0.0,2.0,1.0,0.7697,5040.0
13,8.0,0.0,5.0,1,4.0,1.0,0.0,0.0,1.0,1.0,0.0,0.0
13,8.0,0.0,5.0,1,4.0,0.0,0.0,0.0,1.0,1.0,0.0,0.0
13,10.0,0.0,5.0,1,3.0,0.0,1.0,0.0,1.0,-999.0,0.0,0.0
13,3.0,0.0,2.0,3,3.0,0.0,0.0,-999.0,1.0,1.0,0.975,90720.0
13,6.0,0.0,5.0,3,4.0,3.0,0.0,0.0,1.0,-999.0,0.0,0.0
13,8.0,1.0,5.0,3,4.0,0.0,0.0,0.0,2.0,-999.0,0.0,0.0
13,9.0,0.0,5.0,3,3.0,0.0,0.0,0.0,1.0,1.0,0.0,0.0
13,9.0,0.0,5.0,1,4.0,0.0,0.0,0.0,1.0,-999.0,0.0,0.0
13,9.0,1.0,4.0,3,3.0,0.0,0.0,0.0,2.0,-999.0,0.2008,240.0
13,8.0,1.0,5.0,1,4.0,3.0,0.0,0.0,2.0,-999.0,0.0,0.0
13,2.0,1.0,4.0,3,0.0,1.0,0.0,0.0,2.0,-999.0,0.8818,12960.0
13,8.0,1.0,5.0,1,4.0,0.0,0.0,0.0,2.0,-999.0,0.0,0.0
13,8.0,1.0,4.0,3,3.0,0.0,0.0,0.0,2.0,-999.0,0.0,0.0
13,6.0,0.0,5.0,1,3.0,4.0,0.0,0.0,1.0,-999.0,0.0,0.0
13,10.0,1.0,5.0,1,4.0,0.0,0.0,0.0,2.0,-999.0,0.0,0.0
13,6.0,0.0,5.0,3,1.0,3.0,0.0,-999.0,1.0,-999.0,0.8709,11520.0
13,4.0,0.0,6.0,3,3.0,0.0,0.0,1.0,1.0,1.0,0.8948,15132.0
13,5.0,1.0,6.0,1,3.0,0.0,-999.0,0.0,2.0,1.0,0.8455,9000.0
13,9.0,0.0,5.0,1,4.0,0.0,0.0,1.0,1.0,1.0,0.0,0.0
13,6.0,1.0,5.0,3,4.0,0.0,2.0,0.0,2.0,-999.0,0.0,0.0
13,9.0,0.0,5.0,1,-999.0,0.0,1.0,0.0,1.0,1.0,0.0,0.0
13,9.0,1.0,4.0,1,4.0,0.0,0.0,0.0,2.0,-999.0,0.0,0.0
13,8.0,0.0,2.0,3,4.0,0.0,0.0,0.0,1.0,1.0,0.0,0.0
22,7.0,1.0,5.0,3,4.0,0.0,0.0,1.0,2.0,0.0,0.9949,605640.0
13,1.0,1.0,5.0,3,3.0,2.0,1.0,0.0,2.0,-999.0,0.9157,20160.0
30,1.0,0.0,2.0,3,3.0,2.0,-999.0,0.0,1.0,1.0,0.9989,3641760.0
13,5.0,1.0,5.0,3,3.0,0.0,0.0,0.0,2.0,-999.0,0.0,0.0
13,9.0,1.0,5.0,1,3.0,0.0,0.0,0.0,2.0,-999.0,0.0,0.0
13,4.0,1.0,4.0,3,3.0,0.0,0.0,0.0,2.0,-999.0,0.0,0.0
13,8.0,1.0,5.0,1,4.0,4.0,0.0,0.0,2.0,1.0,0.0,0.0
13,8.0,1.0,5.0,3,4.0,1.0,0.0,0.0,2.0,1.0,0.0,0.0
13,10.0,1.0,5.0,3,1.0,2.0,0.0,0.0,2.0,-999.0,0.0,0.0
13,10.0,0.0,5.0,1,3.0,0.0,0.0,0.0,1.0,-999.0,0.0,0.0
13,5.0,1.0,5.0,3,3.0,0.0,-999.0,0.0,2.0,-999.0,0.0,0.0
13,8.0,1.0,5.0,1,3.0,1.0,0.0,0.0,2.0,-999.0,0.0,0.0
13,7.0,1.0,5.0,3,0.0,2.0,0.0,0.0,2.0,-999.0,0.9514,40320.0
13,8.0,1.0,4.0,1,1.0,0.0,0.0,0.0,2.0,-999.0,0.8646,10800.0
13,6.0,0.0,5.0,1,4.0,3.0,0.0,0.0,1.0,1.0,0.0,0.0
13,5.0,1.0,4.0,1,1.0,1.0,0.0,0.0,2.0,1.0,0.9735,84720.0
13,6.0,1.0,7.0,1,3.0,0.0,0.0,0.0,2.0,0.0,0.9934,447840.0
13,9.0,1.0,5.0,3,4.0,1.0,0.0,0.0,2.0,1.0,0.675,2880.0
13,8.0,1.0,2.0,3,4.0,0.0,0.0,0.0,2.0,1.0,0.7456,4320.0
13,6.0,0.0,5.0,3,3.0,0.0,2.0,0.0,1.0,1.0,0.8581,10128.0
13,8.0,0.0,5.0,1,4.0,4.0,0.0,0.0,1.0,1.0,0.7031,3360.0
13,10.0,1.0,5.0,1,3.0,0.0,0.0,0.0,2.0,-999.0,0.0,0.0
13,7.0,1.0,5.0,3,3.0,0.0,-999.0,0.0,2.0,1.0,0.0,0.0
13,6.0,0.0,5.0,3,4.0,4.0,0.0,0.0,1.0,1.0,0.8766,12240.0
13,6.0,1.0,5.0,1,4.0,3.0,0.0,0.0,2.0,1.0,0.5354,1440.0
0,6.0,0.0,5.0,1,3.0,0.0,0.0,0.0,1.0,-999.0,0.9943,529200.0
13,7.0,0.0,5.0,3,3.0,0.0,0.0,0.0,1.0,-999.0,0.0,0.0
13,10.0,1.0,5.0,1,3.0,4.0,0.0,0.0,2.0,-999.0,0.0,0.0
13,10.0,1.0,5.0,1,4.0,0.0,0.0,0.0,2.0,1.0,0.0,0.0
13,10.0,0.0,5.0,3,4.0,0.0,0.0,0.0,1.0,-999.0,0.0,0.0
13,7.0,1.0,4.0,3,4.0,0.0,0.0,0.0,2.0,1.0,0.0,0.0
13,9.0,0.0,5.0,3,4.0,1.0,0.0,0.0,1.0,1.0,0.819,7200.0
13,8.0,1.0,5.0,1,2.0,3.0,-999.0,0.0,2.0,1.0,0.9107,18720.0
13,7.0,1.0,5.0,3,3.0,0.0,0.0,0.0,2.0,1.0,0.0,0.0
13,4.0,0.0,4.0,3,4.0,0.0,3.0,0.0,1.0,1.0,0.9911,312480.0
13,7.0,1.0,2.0,3,4.0,0.0,0.0,0.0,2.0,1.0,0.0,0.0
13,10.0,1.0,5.0,1,4.0,3.0,0.0,0.0,2.0,-999.0,0.0,0.0
13,-999.0,1.0,5.0,3,4.0,2.0,0.0,0.0,2.0,1.0,0.0,0.0
13,6.0,0.0,5.0,3,3.0,3.0,0.0,0.0,1.0,-999.0,0.2008,240.0
13,5.0,0.0,5.0,3,1.0,3.0,0.0,0.0,1.0,1.0,0.8709,11520.0
13,7.0,1.0,5.0,1,4.0,0.0,0.0,1.0,2.0,1.0,0.0,0.0
13,4.0,1.0,5.0,3,3.0,0.0,0.0,0.0,2.0,1.0,0.0,0.0
13,4.0,0.0,5.0,3,3.0,0.0,0.0,0.0,1.0,-999.0,0.0,0.0
13,8.0,1.0,5.0,1,4.0,3.0,0.0,0.0,2.0,1.0,0.0,0.0
13,4.0,1.0,2.0,3,3.0,0.0,2.0,0.0,2.0,-999.0,0.0,0.0
13,1.0,1.0,5.0,1,1.0,1.0,0.0,0.0,2.0,1.0,0.9835,149760.0
13,2.0,1.0,-999.0,3,1.0,1.0,0.0,1.0,2.0,1.0,0.9702,73440.0
13,5.0,1.0,5.0,3,1.0,3.0,0.0,0.0,2.0,1.0,0.9208,21840.0
13,9.0,0.0,5.0,3,0.0,2.0,0.0,0.0,1.0,-999.0,0.9882,222480.0
13,7.0,0.0,5.0,3,4.0,0.0,1.0,1.0,1.0,1.0,0.0,0.0
13,4.0,1.0,5.0,3,3.0,0.0,0.0,0.0,2.0,-999.0,0.0,0.0
13,1.0,1.0,5.0,3,3.0,2.0,0.0,0.0,2.0,-999.0,0.0,0.0
13,4.0,0.0,5.0,3,3.0,4.0,0.0,0.0,1.0,-999.0,0.9157,20160.0
13,8.0,1.0,5.0,3,4.0,0.0,3.0,1.0,2.0,1.0,0.9741,87120.0
13,10.0,0.0,5.0,1,4.0,0.0,0.0,0.0,-999.0,-999.0,0.0,0.0
13,10.0,1.0,5.0,1,3.0,1.0,0.0,1.0,2.0,1.0,0.0,0.0
13,7.0,1.0,5.0,3,4.0,0.0,0.0,0.0,2.0,1.0,0.0,0.0
13,7.0,1.0,5.0,3,4.0,0.0,2.0,0.0,2.0,-999.0,0.0,0.0
13,6.0,1.0,6.0,3,4.0,0.0,0.0,1.0,2.0,1.0,0.0,0.0
13,8.0,0.0,2.0,3,3.0,2.0,2.0,0.0,1.0,1.0,0.9848,164880.0
13,9.0,0.0,5.0,1,4.0,0.0,0.0,1.0,1.0,1.0,0.0,0.0
13,5.0,5.0,6.0,3,3.0,0.0,1.0,1.0,2.0,1.0,0.9977,1542960.0
13,9.0,1.0,2.0,3,1.0,2.0,0.0,0.0,2.0,-999.0,0.9514,40320.0
13,7.0,0.0,4.0,3,1.0,4.0,0.0,0.0,1.0,1.0,0.9745,88560.0
13,10.0,0.0,5.0,1,4.0,3.0,1.0,0.0,1.0,-999.0,0.0,0.0
13,7.0,1.0,5.0,3,4.0,0.0,0.0,0.0,2.0,1.0,0.0,0.0
13,7.0,1.0,5.0,3,1.0,2.0,2.0,0.0,2.0,-999.0,0.8409,8640.0
13,-999.0,1.0,4.0,3,3.0,2.0,0.0,0.0,2.0,-999.0,0.0,0.0
13,5.0,0.0,4.0,3,3.0,0.0,0.0,0.0,1.0,1.0,0.0,0.0
13,4.0,1.0,2.0,3,3.0,0.0,0.0,0.0,2.0,1.0,0.0,0.0
13,9.0,0.0,4.0,1,4.0,0.0,0.0,0.0,1.0,-999.0,0.5354,1440.0
13,3.0,0.0,5.0,3,3.0,3.0,2.0,0.0,1.0,1.0,0.9858,178560.0
13,1.0,1.0,4.0,3,4.0,4.0,0.0,0.0,2.0,-999.0,0.0,0.0
13,4.0,1.0,5.0,3,3.0,0.0,0.0,0.0,2.0,-999.0,0.0,0.0
13,6.0,1.0,5.0,3,4.0,0.0,0.0,-999.0,2.0,-999.0,0.0,0.0
13,4.0,1.0,5.0,3,3.0,0.0,0.0,0.0,2.0,-999.0,0.0,0.0
13,6.0,1.0,5.0,3,3.0,0.0,2.0,1.0,2.0,-999.0,0.9292,25200.0
13,9.0,0.0,5.0,1,4.0,3.0,0.0,0.0,1.0,1.0,0.0,0.0
13,4.0,1.0,2.0,3,1.0,4.0,0.0,0.0,2.0,-999.0,0.9724,80640.0
13,4.0,1.0,5.0,3,1.0,0.0,0.0,0.0,2.0,-999.0,0.0,0.0
13,8.0,0.0,5.0,1,4.0,1.0,0.0,0.0,1.0,-999.0,0.0,0.0
13,1.0,0.0,2.0,3,1.0,0.0,0.0,0.0,1.0,-999.0,0.9777,104400.0
13,6.0,1.0,5.0,3,3.0,0.0,0.0,0.0,2.0,-999.0,0.0,0.0
13,6.0,1.0,5.0,3,1.0,0.0,0.0,0.0,2.0,-999.0,0.0,0.0
13,6.0,1.0,5.0,1,4.0,1.0,0.0,0.0,2.0,-999.0,0.0,0.0
13,9.0,1.0,6.0,1,4.0,0.0,0.0,1.0,2.0,-999.0,0.0,0.0
13,6.0,1.0,5.0,3,3.0,0.0,0.0,0.0,2.0,1.0,0.0,0.0
13,9.0,1.0,5.0,1,4.0,0.0,0.0,0.0,2.0,1.0,0.0,0.0
13,9.0,1.0,5.0,3,4.0,1.0,-999.0,0.0,2.0,-999.0,0.0,0.0
13,8.0,1.0,5.0,1,3.0,0.0,0.0,0.0,2.0,-999.0,0.0,0.0
13,7.0,1.0,5.0,3,4.0,0.0,0.0,0.0,2.0,-999.0,0.0,0.0
13,4.0,0.0,5.0,3,1.0,0.0,0.0,0.0,1.0,-999.0,0.3117,480.0
13,9.0,0.0,5.0,1,4.0,0.0,1.0,0.0,1.0,1.0,0.0,0.0
13,9.0,1.0,5.0,1,4.0,3.0,0.0,-999.0,2.0,-999.0,0.0,0.0
13,9.0,1.0,5.0,1,4.0,4.0,0.0,0.0,2.0,1.0,0.675,2880.0
13,8.0,0.0,5.0,1,4.0,1.0,0.0,0.0,1.0,-999.0,0.0,0.0
13,4.0,1.0,6.0,3,3.0,0.0,0.0,0.0,2.0,-999.0,0.0,0.0
13,8.0,1.0,5.0,3,4.0,0.0,0.0,0.0,2.0,-999.0,0.0,0.0
13,9.0,1.0,5.0,3,4.0,0.0,0.0,0.0,2.0,-999.0,0.0,0.0
13,8.0,1.0,5.0,3,4.0,0.0,0.0,0.0,2.0,-999.0,0.0,0.0
13,10.0,1.0,4.0,3,3.0,0.0,0.0,0.0,2.0,1.0,0.8646,10800.0
13,8.0,1.0,5.0,3,3.0,0.0,0.0,0.0,2.0,-999.0,0.0,0.0
13,6.0,0.0,2.0,3,4.0,0.0,1.0,0.0,1.0,-999.0,0.9337,27360.0
6,7.0,1.0,2.0,1,2.0,3.0,0.0,0.0,2.0,0.0,0.9974,1329120.0
13,6.0,1.0,4.0,3,3.0,0.0,0.0,0.0,2.0,-999.0,0.0,0.0
13,4.0,1.0,5.0,3,2.0,3.0,-999.0,-999.0,2.0,-999.0,0.0,0.0
13,9.0,0.0,5.0,1,4.0,0.0,0.0,0.0,1.0,1.0,0.0,0.0
13,5.0,1.0,5.0,1,4.0,2.0,0.0,0.0,2.0,-999.0,0.9519,40800.0
13,8.0,1.0,4.0,3,4.0,0.0,0.0,0.0,2.0,-999.0,0.0,0.0
13,9.0,0.0,2.0,1,4.0,0.0,0.0,0.0,1.0,1.0,0.5354,1440.0
13,6.0,1.0,5.0,3,3.0,3.0,0.0,0.0,2.0,-999.0,0.5354,1440.0
13,4.0,0.0,5.0,3,4.0,2.0,0.0,0.0,1.0,-999.0,0.5354,1440.0
13,6.0,0.0,5.0,3,3.0,0.0,2.0,0.0,1.0,-999.0,0.0,0.0
13,8.0,0.0,5.0,3,4.0,0.0,0.0,0.0,1.0,-999.0,0.0,0.0
13,1.0,1.0,4.0,3,1.0,4.0,0.0,1.0,2.0,-999.0,0.9018,16560.0
13,6.0,1.0,5.0,3,4.0,0.0,0.0,0.0,2.0,1.0,0.0,0.0
13,7.0,1.0,5.0,3,3.0,0.0,-999.0,0.0,2.0,-999.0,0.0,0.0
13,8.0,0.0,5.0,1,4.0,3.0,0.0,0.0,1.0,-999.0,0.0,0.0
13,7.0,1.0,5.0,1,3.0,0.0,0.0,0.0,2.0,-999.0,0.0,0.0
13,4.0,0.0,4.0,3,1.0,4.0,0.0,0.0,1.0,-999.0,0.0,0.0
8,5.0,0.0,5.0,3,4.0,3.0,0.0,0.0,1.0,-999.0,0.9989,3628800.0
13,10.0,0.0,5.0,3,4.0,0.0,1.0,0.0,1.0,-999.0,0.0,0.0
13,8.0,1.0,6.0,3,-999.0,0.0,0.0,0.0,2.0,-999.0,0.0,0.0
13,6.0,0.0,4.0,1,3.0,3.0,0.0,0.0,1.0,-999.0,0.9527,41760.0
13,10.0,1.0,5.0,1,4.0,1.0,0.0,0.0,2.0,-999.0,0.0,0.0
13,10.0,0.0,5.0,1,4.0,3.0,0.0,0.0,1.0,-999.0,0.0,0.0
13,8.0,1.0,5.0,1,3.0,0.0,0.0,0.0,2.0,-999.0,0.0,0.0
13,4.0,1.0,4.0,3,1.0,0.0,-999.0,0.0,2.0,1.0,0.1223,120.0
13,9.0,0.0,5.0,1,4.0,0.0,0.0,0.0,1.0,-999.0,0.0,0.0
13,10.0,1.0,2.0,1,4.0,0.0,0.0,0.0,2.0,1.0,0.0,0.0
13,4.0,1.0,5.0,3,3.0,0.0,0.0,0.0,2.0,1.0,0.0,0.0
13,10.0,0.0,5.0,1,4.0,3.0,0.0,0.0,1.0,-999.0,0.0,0.0
13,6.0,0.0,2.0,3,4.0,3.0,0.0,0.0,1.0,1.0,0.7915,5856.0
13,6.0,1.0,5.0,3,3.0,0.0,0.0,0.0,2.0,-999.0,0.0,0.0
13,9.0,1.0,5.0,1,4.0,0.0,0.0,0.0,2.0,-999.0,0.0,0.0
13,4.0,1.0,5.0,3,3.0,0.0,0.0,0.0,2.0,-999.0,0.0,0.0
13,10.0,1.0,5.0,1,3.0,0.0,0.0,0.0,2.0,-999.0,0.0,0.0
13,6.0,1.0,5.0,1,2.0,0.0,0.0,0.0,2.0,1.0,0.6401,2400.0
31,1.0,1.0,2.0,3,4.0,2.0,0.0,0.0,2.0,-999.0,0.9989,3630240.0
13,4.0,1.0,5.0,3,3.0,0.0,0.0,0.0,2.0,-999.0,0.0,0.0
13,1.0,0.0,5.0,3,1.0,2.0,0.0,1.0,1.0,1.0,0.9128,19320.0
13,7.0,1.0,5.0,3,4.0,0.0,0.0,0.0,2.0,-999.0,0.0,0.0
13,9.0,0.0,5.0,1,4.0,3.0,0.0,0.0,1.0,1.0,0.0,0.0
13,4.0,0.0,5.0,3,3.0,0.0,0.0,0.0,1.0,1.0,0.0,0.0
13,8.0,0.0,5.0,3,3.0,3.0,1.0,0.0,1.0,1.0,0.8307,7920.0
22,6.0,0.0,5.0,3,3.0,0.0,0.0,0.0,1.0,0.0,0.9943,528480.0
13,5.0,0.0,2.0,3,3.0,1.0,0.0,0.0,1.0,1.0,0.9514,40320.0
24,8.0,0.0,5.0,1,3.0,3.0,0.0,0.0,1.0,0.0,0.9989,3700560.0
6,6.0,1.0,2.0,1,4.0,0.0,0.0,-999.0,2.0,0.0,0.9925,383280.0
13,5.0,1.0,4.0,3,4.0,2.0,0.0,0.0,2.0,-999.0,0.7697,5040.0
13,3.0,1.0,5.0,3,1.0,2.0,-999.0,0.0,2.0,-999.0,0.9157,20160.0
40,8.0,0.0,-999.0,1,1.0,0.0,0.0,1.0,1.0,0.0,0.991,307440.0
13,9.0,0.0,4.0,3,3.0,2.0,0.0,0.0,-999.0,-999.0,0.9559,45480.0
13,6.0,0.0,5.0,3,3.0,1.0,1.0,0.0,1.0,-999.0,0.9534,42480.0
13,7.0,0.0,5.0,1,3.0,2.0,0.0,0.0,1.0,-999.0,0.0,0.0
13,6.0,1.0,5.0,3,4.0,0.0,0.0,0.0,2.0,1.0,0.0,0.0
13,4.0,1.0,4.0,3,3.0,0.0,0.0,0.0,2.0,-999.0,0.0,0.0
40,5.0,1.0,7.0,1,3.0,1.0,0.0,1.0,2.0,0.0,0.9956,720960.0
13,4.0,1.0,4.0,3,4.0,1.0,0.0,0.0,2.0,-999.0,0.0,0.0
13,8.0,1.0,5.0,3,3.0,0.0,1.0,0.0,2.0,-999.0,0.0,0.0
13,4.0,0.0,4.0,3,0.0,0.0,0.0,0.0,1.0,-999.0,0.904,17040.0
13,6.0,0.0,5.0,3,3.0,0.0,1.0,1.0,1.0,-999.0,0.0,0.0
13,10.0,0.0,2.0,1,3.0,0.0,0.0,0.0,1.0,1.0,0.0,0.0
13,8.0,0.0,5.0,1,4.0,3.0,2.0,0.0,1.0,-999.0,0.9585,48960.0
13,6.0,1.0,4.0,3,3.0,0.0,0.0,0.0,2.0,-999.0,0.0,0.0
13,7.0,1.0,5.0,1,4.0,3.0,0.0,0.0,2.0,1.0,0.4494,960.0
13,7.0,1.0,5.0,3,4.0,0.0,0.0,0.0,2.0,-999.0,0.0,0.0
13,10.0,1.0,5.0,1,3.0,3.0,-999.0,0.0,2.0,-999.0,0.0,0.0
13,6.0,0.0,5.0,3,4.0,3.0,1.0,0.0,1.0,-999.0,0.0,0.0
13,10.0,0.0,5.0,1,4.0,0.0,0.0,0.0,1.0,-999.0,0.0,0.0
13,9.0,0.0,5.0,3,4.0,0.0,0.0,0.0,1.0,1.0,0.0,0.0
13,4.0,1.0,5.0,3,3.0,0.0,0.0,0.0,2.0,-999.0,0.0,0.0
13,8.0,4.0,6.0,3,3.0,0.0,1.0,0.0,2.0,-999.0,0.9939,489600.0
13,10.0,1.0,5.0,1,4.0,1.0,0.0,0.0,2.0,1.0,0.0,0.0
13,6.0,1.0,5.0,3,3.0,0.0,0.0,0.0,2.0,-999.0,0.0,0.0
13,5.0,0.0,4.0,3,0.0,3.0,0.0,0.0,1.0,-999.0,0.924,23040.0
13,7.0,1.0,5.0,1,3.0,1.0,0.0,0.0,2.0,1.0,0.0,0.0
13,8.0,0.0,5.0,1,3.0,4.0,0.0,0.0,1.0,-999.0,0.0,0.0
13,9.0,0.0,5.0,1,4.0,3.0,0.0,0.0,1.0,1.0,0.0,0.0
13,6.0,1.0,5.0,3,4.0,0.0,2.0,0.0,2.0,1.0,0.7697,5040.0
13,4.0,1.0,5.0,3,3.0,0.0,1.0,0.0,2.0,1.0,0.7697,5040.0
13,8.0,1.0,5.0,1,4.0,4.0,0.0,0.0,2.0,-999.0,0.0,0.0
13,6.0,0.0,5.0,3,3.0,0.0,0.0,0.0,1.0,1.0,0.0,0.0
40,1.0,1.0,6.0,3,2.0,2.0,0.0,1.0,2.0,0.0,0.9928,399600.0
13,8.0,0.0,5.0,3,3.0,0.0,0.0,0.0,1.0,-999.0,0.0,0.0
13,6.0,1.0,6.0,3,3.0,0.0,0.0,1.0,2.0,-999.0,0.0,0.0
13,7.0,0.0,2.0,1,4.0,2.0,0.0,0.0,1.0,-999.0,0.9569,46800.0
13,9.0,1.0,4.0,3,3.0,0.0,-999.0,-999.0,2.0,-999.0,0.0,0.0
13,8.0,1.0,5.0,1,4.0,0.0,0.0,0.0,2.0,-999.0,0.0,0.0
13,5.0,0.0,4.0,1,0.0,4.0,0.0,0.0,1.0,-999.0,0.9788,110880.0
13,9.0,1.0,5.0,1,4.0,0.0,0.0,0.0,2.0,-999.0,0.0,0.0
13,1.0,0.0,5.0,3,1.0,2.0,0.0,0.0,1.0,-999.0,0.0,0.0
13,10.0,1.0,5.0,1,4.0,4.0,0.0,0.0,2.0,-999.0,0.0,0.0
13,10.0,1.0,2.0,1,4.0,0.0,0.0,0.0,2.0,1.0,0.0,0.0
13,5.0,1.0,5.0,3,4.0,0.0,0.0,0.0,2.0,1.0,0.39,720.0
13,7.0,0.0,5.0,3,3.0,3.0,0.0,0.0,1.0,1.0,0.2141,264.0
13,4.0,1.0,5.0,3,3.0,0.0,0.0,0.0,2.0,-999.0,0.0,0.0
13,10.0,1.0,5.0,1,4.0,0.0,-999.0,0.0,2.0,-999.0,0.0,0.0
13,9.0,1.0,4.0,3,3.0,3.0,0.0,0.0,2.0,1.0,0.8984,15840.0
13,6.0,1.0,4.0,3,3.0,0.0,0.0,0.0,2.0,-999.0,0.0,0.0
13,8.0,1.0,5.0,1,4.0,3.0,0.0,0.0,2.0,1.0,0.0,0.0
13,6.0,1.0,5.0,3,3.0,0.0,0.0,0.0,-999.0,-999.0,0.0,0.0
13,10.0,0.0,5.0,1,4.0,0.0,0.0,0.0,1.0,-999.0,0.0,0.0
13,10.0,0.0,5.0,1,0.0,1.0,0.0,0.0,1.0,-999.0,0.9652,60720.0
13,9.0,1.0,5.0,1,4.0,3.0,0.0,0.0,2.0,-999.0,0.0,0.0
13,6.0,1.0,2.0,3,3.0,0.0,0.0,0.0,2.0,-999.0,0.2008,240.0
13,6.0,0.0,5.0,3,4.0,0.0,0.0,0.0,1.0,1.0,0.0411,30.0
13,10.0,0.0,5.0,3,4.0,2.0,0.0,0.0,1.0,1.0,0.9246,23280.0
13,10.0,0.0,5.0,1,4.0,0.0,0.0,0.0,1.0,1.0,0.0,0.0
13,1.0,1.0,4.0,3,0.0,1.0,0.0,0.0,2.0,1.0,0.9399,30960.0
13,8.0,1.0,5.0,1,4.0,0.0,0.0,0.0,2.0,-999.0,0.0,0.0
13,8.0,0.0,5.0,1,2.0,3.0,0.0,0.0,1.0,1.0,0.9718,78480.0
13,7.0,0.0,5.0,1,1.0,0.0,2.0,0.0,1.0,-999.0,0.9387,30240.0
13,4.0,1.0,5.0,3,3.0,2.0,0.0,0.0,2.0,1.0,0.0,0.0
13,10.0,1.0,5.0,3,1.0,2.0,0.0,0.0,2.0,-999.0,0.0,0.0
13,4.0,1.0,5.0,1,2.0,0.0,0.0,-999.0,2.0,-999.0,0.86,10320.0
13,10.0,1.0,2.0,1,4.0,0.0,-999.0,-999.0,2.0,-999.0,0.0,0.0
13,4.0,0.0,5.0,3,3.0,0.0,0.0,0.0,1.0,-999.0,0.0,0.0
13,8.0,1.0,5.0,1,3.0,0.0,0.0,0.0,2.0,-999.0,0.0,0.0
13,1.0,1.0,2.0,3,1.0,2.0,2.0,0.0,2.0,1.0,0.9608,52560.0
13,9.0,0.0,5.0,1,4.0,3.0,0.0,0.0,1.0,1.0,0.0,0.0
13,6.0,-999.0,5.0,3,3.0,0.0,0.0,0.0,1.0,-999.0,0.0,0.0
13,1.0,1.0,5.0,3,3.0,3.0,0.0,0.0,2.0,-999.0,0.9292,25200.0
13,7.0,0.0,4.0,3,1.0,3.0,0.0,0.0,1.0,-999.0,0.9599,51120.0
27,5.0,0.0,2.0,1,4.0,0.0,0.0,0.0,1.0,0.0,0.9982,2016000.0
13,6.0,2.0,5.0,3,4.0,0.0,0.0,0.0,1.0,1.0,0.9989,3628800.0
13,2.0,1.0,5.0,3,1.0,2.0,0.0,0.0,2.0,-999.0,0.9594,50400.0
13,9.0,1.0,6.0,1,4.0,4.0,0.0,0.0,2.0,1.0,0.9527,41760.0
13,8.0,1.0,4.0,3,4.0,0.0,0.0,0.0,2.0,-999.0,0.0,0.0
13,10.0,1.0,5.0,1,4.0,2.0,0.0,0.0,2.0,-999.0,0.9594,50400.0
13,10.0,0.0,5.0,1,4.0,0.0,0.0,0.0,1.0,1.0,0.0,0.0
13,8.0,0.0,5.0,3,4.0,3.0,0.0,0.0,1.0,1.0,0.0,0.0
13,7.0,1.0,5.0,3,4.0,0.0,2.0,0.0,2.0,1.0,0.1223,120.0
13,6.0,1.0,5.0,3,1.0,2.0,0.0,0.0,2.0,-999.0,0.7697,5040.0
13,9.0,0.0,5.0,1,3.0,3.0,0.0,0.0,1.0,-999.0,0.0,0.0
13,8.0,1.0,5.0,3,3.0,0.0,0.0,0.0,2.0,-999.0,0.0,0.0
13,9.0,1.0,5.0,1,3.0,0.0,0.0,1.0,2.0,1.0,0.0,0.0
13,8.0,1.0,5.0,1,4.0,0.0,0.0,0.0,2.0,-999.0,0.0,0.0
13,8.0,1.0,2.0,1,3.0,0.0,-999.0,0.0,2.0,1.0,0.5354,1440.0
40,4.0,1.0,-999.0,3,4.0,2.0,2.0,1.0,2.0,0.0,0.9968,1033200.0
13,4.0,1.0,2.0,3,3.0,0.0,0.0,0.0,2.0,1.0,0.0,0.0
13,8.0,0.0,5.0,1,4.0,3.0,0.0,1.0,1.0,1.0,0.9845,161280.0
13,1.0,1.0,4.0,3,0.0,0.0,0.0,0.0,2.0,-999.0,0.9625,55440.0
13,6.0,1.0,5.0,3,3.0,2.0,0.0,0.0,2.0,1.0,0.6192,2160.0
13,10.0,5.0,5.0,1,4.0,0.0,1.0,0.0,2.0,1.0,0.9951,624960.0
22,3.0,0.0,4.0,3,4.0,1.0,0.0,0.0,1.0,0.0,0.9978,1653840.0
13,1.0,1.0,4.0,3,1.0,2.0,0.0,0.0,2.0,1.0,0.5354,1440.0
0,1.0,1.0,5.0,3,0.0,4.0,0.0,0.0,2.0,-999.0,0.9933,434880.0
13,8.0,1.0,5.0,1,4.0,3.0,0.0,0.0,2.0,-999.0,0.0,0.0
13,8.0,0.0,5.0,3,4.0,0.0,0.0,0.0,1.0,1.0,0.0,0.0
13,8.0,1.0,5.0,3,4.0,0.0,0.0,0.0,2.0,-999.0,0.0,0.0
13,5.0,1.0,2.0,3,3.0,0.0,0.0,1.0,2.0,-999.0,0.8576,10080.0
13,2.0,1.0,4.0,3,1.0,4.0,0.0,0.0,2.0,1.0,0.9569,46800.0
13,8.0,0.0,5.0,1,4.0,0.0,0.0,0.0,1.0,-999.0,0.0,0.0
13,5.0,1.0,5.0,2,3.0,0.0,0.0,0.0,2.0,-999.0,0.9931,423360.0
13,4.0,1.0,4.0,3,1.0,0.0,0.0,0.0,2.0,-999.0,0.0343,24.0
13,7.0,1.0,5.0,1,3.0,4.0,0.0,0.0,2.0,-999.0,0.0,0.0
13,7.0,0.0,5.0,3,4.0,0.0,0.0,0.0,1.0,1.0,0.0,0.0
13,8.0,4.0,5.0,3,3.0,0.0,1.0,-999.0,2.0,1.0,0.986,182160.0
13,-999.0,1.0,5.0,3,3.0,0.0,0.0,0.0,2.0,-999.0,0.0,0.0
13,6.0,0.0,4.0,1,4.0,0.0,0.0,0.0,1.0,1.0,0.8307,7920.0
13,3.0,0.0,5.0,3,2.0,0.0,0.0,0.0,1.0,1.0,0.9751,91200.0
13,7.0,0.0,6.0,3,4.0,0.0,2.0,0.0,1.0,-999.0,0.9827,141120.0
13,7.0,1.0,5.0,3,4.0,0.0,0.0,0.0,2.0,-999.0,0.0,0.0
13,10.0,1.0,5.0,3,1.0,2.0,0.0,0.0,2.0,1.0,0.6192,2160.0
34,10.0,1.0,5.0,1,3.0,1.0,0.0,0.0,2.0,1.0,0.9989,3628800.0
13,9.0,1.0,5.0,1,4.0,0.0,0.0,0.0,2.0,1.0,0.0,0.0
13,6.0,1.0,5.0,3,3.0,0.0,0.0,0.0,2.0,1.0,0.0,0.0
13,9.0,1.0,5.0,1,4.0,0.0,0.0,0.0,2.0,-999.0,0.0,0.0
13,10.0,1.0,5.0,1,3.0,0.0,0.0,0.0,2.0,-999.0,0.0,0.0
13,9.0,1.0,5.0,1,4.0,0.0,0.0,0.0,2.0,-999.0,0.0,0.0
13,10.0,1.0,5.0,1,4.0,1.0,0.0,0.0,2.0,-999.0,0.0,0.0
13,7.0,0.0,5.0,3,4.0,0.0,-999.0,0.0,1.0,-999.0,0.0,0.0
13,8.0,0.0,2.0,1,4.0,3.0,0.0,0.0,1.0,1.0,0.0,0.0
13,4.0,0.0,-999.0,3,3.0,0.0,-999.0,1.0,1.0,1.0,0.0,0.0
13,6.0,0.0,5.0,3,3.0,0.0,0.0,1.0,1.0,1.0,0.0,0.0
13,8.0,0.0,5.0,1,3.0,0.0,2.0,0.0,1.0,1.0,0.9308,25920.0
13,7.0,0.0,5.0,3,4.0,0.0,1.0,0.0,1.0,-999.0,0.0,0.0
13,10.0,0.0,6.0,1,4.0,3.0,3.0,0.0,1.0,1.0,0.9963,892080.0
13,1.0,1.0,5.0,3,3.0,1.0,0.0,0.0,2.0,-999.0,0.0,0.0
13,7.0,1.0,5.0,1,3.0,4.0,0.0,0.0,2.0,-999.0,0.0,0.0
13,1.0,1.0,2.0,3,3.0,2.0,0.0,0.0,2.0,1.0,0.0,0.0
13,7.0,1.0,4.0,3,3.0,0.0,0.0,0.0,2.0,-999.0,0.0,0.0
13,7.0,1.0,5.0,3,4.0,0.0,0.0,0.0,2.0,-999.0,0.0,0.0
13,6.0,1.0,4.0,3,4.0,0.0,0.0,0.0,2.0,1.0,0.0,0.0
13,7.0,1.0,5.0,3,4.0,0.0,0.0,0.0,2.0,1.0,0.0,0.0
13,4.0,0.0,5.0,3,3.0,0.0,2.0,1.0,1.0,1.0,0.943,33120.0
13,4.0,0.0,5.0,3,4.0,0.0,0.0,0.0,1.0,-999.0,0.675,2880.0
13,9.0,1.0,6.0,3,4.0,0.0,0.0,0.0,2.0,-999.0,0.0,0.0
13,6.0,0.0,5.0,3,3.0,0.0,0.0,0.0,1.0,-999.0,0.0,0.0
13,7.0,1.0,5.0,1,4.0,0.0,0.0,0.0,2.0,-999.0,0.0,0.0
13,6.0,1.0,5.0,1,4.0,0.0,0.0,0.0,2.0,1.0,0.0,0.0
13,8.0,0.0,4.0,3,4.0,0.0,1.0,0.0,1.0,-999.0,0.9157,20160.0
13,7.0,0.0,5.0,1,3.0,0.0,-999.0,-999.0,1.0,-999.0,0.0,0.0
13,9.0,0.0,5.0,3,4.0,0.0,0.0,0.0,1.0,1.0,0.0,0.0
13,7.0,1.0,5.0,3,4.0,0.0,1.0,0.0,2.0,-999.0,0.5354,1440.0
40,6.0,0.0,5.0,1,3.0,0.0,1.0,1.0,1.0,0.0,0.9938,477000.0
13,6.0,1.0,5.0,3,4.0,0.0,0.0,1.0,2.0,-999.0,0.0,0.0
13,1.0,5.0,2.0,3,0.0,2.0,1.0,0.0,1.0,1.0,0.998,1842600.0
13,10.0,1.0,7.0,1,4.0,0.0,0.0,1.0,2.0,1.0,0.9935,452400.0
13,6.0,1.0,4.0,3,3.0,0.0,0.0,0.0,2.0,-999.0,0.0,0.0
13,8.0,1.0,5.0,1,4.0,1.0,0.0,0.0,2.0,1.0,0.0,0.0
10,6.0,1.0,5.0,3,4.0,0.0,0.0,0.0,2.0,-999.0,0.9989,3628800.0
13,7.0,1.0,2.0,3,3.0,0.0,0.0,0.0,2.0,-999.0,0.0,0.0
13,5.0,0.0,5.0,3,3.0,0.0,1.0,2.0,1.0,1.0,0.9957,735840.0
13,9.0,0.0,5.0,1,4.0,0.0,0.0,0.0,1.0,-999.0,0.0,0.0
13,1.0,0.0,4.0,3,0.0,4.0,0.0,0.0,-999.0,-999.0,0.0,0.0
13,3.0,0.0,5.0,3,3.0,3.0,0.0,-999.0,1.0,-999.0,0.0,0.0
13,2.0,1.0,5.0,1,4.0,1.0,2.0,0.0,2.0,-999.0,0.9935,453600.0
13,8.0,1.0,5.0,1,4.0,0.0,0.0,0.0,2.0,1.0,0.0,0.0
13,9.0,1.0,2.0,1,4.0,0.0,0.0,0.0,2.0,1.0,0.5354,1440.0
13,8.0,0.0,5.0,1,3.0,0.0,-999.0,0.0,1.0,-999.0,0.0,0.0
13,9.0,0.0,5.0,1,4.0,0.0,1.0,0.0,1.0,-999.0,0.0,0.0
13,9.0,1.0,5.0,3,4.0,0.0,0.0,0.0,2.0,1.0,0.0,0.0
13,4.0,1.0,5.0,3,4.0,1.0,0.0,0.0,2.0,1.0,0.7892,5760.0
13,6.0,1.0,5.0,3,3.0,0.0,0.0,1.0,2.0,1.0,0.2141,264.0
13,3.0,0.0,5.0,3,2.0,1.0,0.0,0.0,1.0,1.0,0.8054,6480.0
13,6.0,1.0,4.0,3,4.0,0.0,0.0,0.0,2.0,-999.0,0.0,0.0
40,4.0,1.0,5.0,1,4.0,0.0,0.0,1.0,2.0,1.0,0.9782,107280.0
13,9.0,0.0,2.0,3,3.0,0.0,2.0,0.0,1.0,-999.0,0.9867,192960.0
13,4.0,1.0,4.0,3,4.0,1.0,0.0,0.0,2.0,-999.0,0.0,0.0
13,7.0,1.0,5.0,3,4.0,-999.0,0.0,-999.0,2.0,1.0,0.0,0.0
6,9.0,1.0,2.0,1,3.0,0.0,0.0,2.0,2.0,0.0,0.9971,1174320.0
13,7.0,0.0,5.0,3,4.0,0.0,1.0,1.0,1.0,1.0,0.0,0.0
13,5.0,1.0,4.0,3,3.0,2.0,-999.0,0.0,2.0,-999.0,0.0,0.0
13,7.0,0.0,2.0,3,4.0,0.0,0.0,0.0,1.0,1.0,0.0,0.0
13,5.0,1.0,5.0,3,3.0,3.0,0.0,0.0,2.0,-999.0,0.0,0.0
13,7.0,1.0,5.0,3,4.0,3.0,0.0,0.0,2.0,1.0,0.3117,480.0
13,8.0,0.0,2.0,3,3.0,4.0,0.0,0.0,1.0,1.0,0.9387,30240.0
13,9.0,1.0,2.0,1,3.0,0.0,0.0,0.0,2.0,1.0,0.0,0.0
13,8.0,1.0,5.0,3,4.0,0.0,0.0,0.0,2.0,-999.0,0.0,0.0
13,1.0,1.0,4.0,3,4.0,1.0,0.0,-999.0,2.0,-999.0,0.7697,5040.0
40,5.0,1.0,5.0,1,0.0,1.0,0.0,1.0,2.0,1.0,0.9932,428640.0
13,8.0,1.0,5.0,1,3.0,0.0,0.0,0.0,2.0,1.0,0.0,0.0
13,6.0,0.0,4.0,3,3.0,0.0,0.0,0.0,1.0,-999.0,0.675,2880.0
13,9.0,0.0,5.0,1,4.0,0.0,0.0,0.0,-999.0,-999.0,0.0,0.0
13,6.0,1.0,4.0,3,3.0,0.0,0.0,0.0,2.0,1.0,0.0,0.0
13,8.0,1.0,2.0,1,4.0,0.0,0.0,-999.0,2.0,1.0,0.0,0.0
13,1.0,1.0,5.0,3,4.0,4.0,1.0,0.0,2.0,-999.0,0.935,28080.0
13,4.0,1.0,5.0,3,1.0,0.0,0.0,0.0,2.0,1.0,0.4743,1080.0
13,8.0,1.0,4.0,3,3.0,2.0,0.0,0.0,2.0,1.0,0.9625,55560.0
13,8.0,1.0,5.0,1,4.0,3.0,0.0,0.0,2.0,-999.0,0.0,0.0
13,10.0,1.0,5.0,1,4.0,0.0,1.0,0.0,2.0,1.0,0.2141,264.0
13,4.0,1.0,4.0,3,1.0,0.0,0.0,2.0,2.0,1.0,0.9953,661080.0
13,7.0,1.0,4.0,1,3.0,0.0,0.0,0.0,2.0,1.0,0.7892,5760.0
13,6.0,0.0,6.0,3,2.0,0.0,0.0,1.0,1.0,-999.0,0.9833,146880.0
13,1.0,1.0,4.0,3,0.0,-999.0,0.0,0.0,2.0,-999.0,0.0,0.0
13,8.0,1.0,5.0,3,3.0,0.0,0.0,0.0,2.0,-999.0,0.0,0.0
13,10.0,0.0,5.0,1,3.0,3.0,0.0,0.0,1.0,-999.0,0.0,0.0
13,10.0,0.0,2.0,3,1.0,2.0,0.0,0.0,1.0,-999.0,0.9697,72000.0
13,8.0,0.0,5.0,1,3.0,0.0,0.0,0.0,1.0,-999.0,0.0,0.0
13,5.0,0.0,5.0,1,3.0,3.0,0.0,-999.0,1.0,-999.0,0.0,0.0
13,4.0,0.0,4.0,3,1.0,4.0,0.0,0.0,1.0,1.0,0.7892,5760.0
13,6.0,1.0,4.0,3,3.0,0.0,0.0,0.0,2.0,1.0,0.0,0.0
12,7.0,1.0,5.0,3,4.0,3.0,-999.0,0.0,2.0,-999.0,0.9989,3628800.0
13,7.0,0.0,6.0,3,4.0,0.0,0.0,0.0,1.0,1.0,0.8922,14640.0
13,9.0,1.0,6.0,1,4.0,0.0,0.0,0.0,2.0,-999.0,0.2008,240.0
13,1.0,1.0,5.0,3,4.0,2.0,0.0,0.0,2.0,1.0,0.8709,11520.0
13,9.0,0.0,5.0,3,3.0,4.0,1.0,0.0,1.0,1.0,0.9814,129600.0
13,10.0,1.0,4.0,1,3.0,0.0,0.0,0.0,2.0,-999.0,0.39,720.0
13,10.0,0.0,6.0,1,4.0,3.0,0.0,2.0,1.0,1.0,0.9933,433440.0
7,10.0,1.0,5.0,1,3.0,1.0,0.0,0.0,2.0,1.0,0.9989,3628800.0
13,6.0,-999.0,5.0,3,4.0,3.0,0.0,0.0,1.0,-999.0,0.0,0.0
13,6.0,1.0,5.0,1,3.0,1.0,0.0,0.0,2.0,-999.0,0.0,0.0
13,1.0,0.0,4.0,3,1.0,1.0,0.0,0.0,1.0,-999.0,0.8948,15120.0
13,8.0,1.0,2.0,3,1.0,2.0,0.0,0.0,2.0,-999.0,0.9692,70560.0
13,8.0,1.0,4.0,3,4.0,0.0,0.0,0.0,2.0,-999.0,0.0,0.0
13,4.0,0.0,4.0,3,1.0,1.0,0.0,0.0,1.0,-999.0,0.9157,20160.0
13,10.0,1.0,5.0,1,4.0,0.0,0.0,0.0,2.0,-999.0,0.0,0.0
13,9.0,0.0,4.0,3,1.0,0.0,0.0,0.0,1.0,1.0,0.9636,57600.0
13,4.0,1.0,5.0,3,3.0,0.0,0.0,-999.0,2.0,1.0,0.0,0.0
13,4.0,1.0,4.0,1,3.0,1.0,3.0,0.0,2.0,-999.0,0.988,218880.0
13,7.0,1.0,5.0,3,4.0,1.0,-999.0,0.0,2.0,1.0,0.0,0.0
13,10.0,1.0,5.0,1,3.0,0.0,0.0,0.0,-999.0,-999.0,0.0,0.0
13,7.0,1.0,4.0,3,4.0,0.0,0.0,0.0,2.0,-999.0,0.0,0.0
13,1.0,0.0,4.0,3,0.0,4.0,0.0,0.0,1.0,1.0,0.7031,3360.0
13,7.0,1.0,4.0,1,4.0,0.0,0.0,0.0,2.0,1.0,0.3117,480.0
13,8.0,0.0,5.0,1,3.0,0.0,0.0,0.0,1.0,1.0,0.0,0.0
13,5.0,4.0,5.0,3,3.0,0.0,2.0,0.0,2.0,-999.0,0.9914,324720.0
13,8.0,1.0,5.0,1,4.0,0.0,0.0,0.0,2.0,-999.0,0.0,0.0
13,5.0,0.0,5.0,3,1.0,0.0,0.0,1.0,1.0,-999.0,0.904,17040.0
13,4.0,1.0,5.0,3,4.0,3.0,0.0,0.0,2.0,-999.0,0.0,0.0
13,6.0,1.0,4.0,3,3.0,0.0,0.0,0.0,2.0,-999.0,0.0,0.0
13,10.0,1.0,5.0,3,4.0,0.0,0.0,0.0,2.0,1.0,0.0,0.0
13,2.0,1.0,5.0,3,0.0,4.0,0.0,0.0,2.0,-999.0,0.9514,40320.0
13,9.0,1.0,5.0,1,4.0,0.0,0.0,0.0,2.0,-999.0,0.0,0.0
13,3.0,0.0,4.0,1,0.0,4.0,0.0,0.0,1.0,1.0,0.9841,156240.0
13,9.0,0.0,5.0,1,4.0,3.0,0.0,0.0,1.0,-999.0,0.0,0.0
13,7.0,0.0,5.0,3,3.0,0.0,0.0,1.0,1.0,1.0,0.7622,4800.0
13,1.0,1.0,4.0,3,4.0,4.0,0.0,0.0,2.0,1.0,0.0,0.0
13,7.0,0.0,5.0,1,1.0,0.0,3.0,0.0,1.0,1.0,0.99,270240.0
13,8.0,1.0,5.0,1,4.0,3.0,0.0,0.0,2.0,-999.0,0.0,0.0
13,10.0,0.0,5.0,1,4.0,0.0,0.0,0.0,1.0,1.0,0.0,0.0
40,9.0,1.0,6.0,1,3.0,4.0,0.0,1.0,2.0,1.0,0.9928,402480.0
13,7.0,1.0,5.0,3,4.0,0.0,0.0,0.0,2.0,-999.0,0.0,0.0
33,10.0,0.0,5.0,1,4.0,0.0,-999.0,1.0,1.0,1.0,0.9934,443520.0
13,6.0,0.0,5.0,3,3.0,0.0,3.0,0.0,1.0,1.0,0.9748,90000.0
13,5.0,1.0,5.0,3,3.0,0.0,2.0,1.0,2.0,1.0,0.958,48240.0
13,9.0,1.0,5.0,1,3.0,1.0,0.0,0.0,2.0,-999.0,0.0,0.0
43,9.0,0.0,5.0,1,4.0,0.0,1.0,0.0,1.0,0.0,0.9989,3645480.0
13,9.0,0.0,5.0,1,4.0,0.0,0.0,0.0,1.0,-999.0,0.0,0.0
13,7.0,0.0,5.0,3,4.0,3.0,0.0,0.0,1.0,1.0,0.0,0.0
13,10.0,1.0,4.0,3,4.0,0.0,0.0,0.0,2.0,-999.0,0.6192,2160.0
13,10.0,1.0,5.0,3,3.0,0.0,-999.0,0.0,2.0,-999.0,0.0,0.0
13,9.0,1.0,5.0,1,1.0,0.0,2.0,0.0,2.0,1.0,0.9796,115920.0
13,8.0,1.0,5.0,1,4.0,0.0,0.0,0.0,2.0,-999.0,0.0,0.0
13,9.0,1.0,5.0,1,4.0,0.0,0.0,0.0,2.0,1.0,0.0,0.0
13,5.0,0.0,5.0,3,4.0,0.0,0.0,0.0,1.0,-999.0,0.0,0.0
13,7.0,1.0,5.0,3,3.0,0.0,0.0,0.0,2.0,-999.0,0.0,0.0
13,4.0,1.0,5.0,3,2.0,4.0,2.0,0.0,2.0,-999.0,0.9819,133920.0
13,-999.0,1.0,5.0,1,3.0,3.0,0.0,0.0,2.0,-999.0,0.0,0.0
13,5.0,1.0,4.0,3,0.0,0.0,0.0,0.0,2.0,-999.0,0.6192,2160.0
13,4.0,1.0,5.0,2,4.0,4.0,0.0,0.0,2.0,-999.0,0.9957,736320.0
13,8.0,1.0,5.0,1,1.0,3.0,0.0,0.0,2.0,1.0,0.7456,4320.0
13,5.0,1.0,5.0,3,3.0,1.0,0.0,0.0,2.0,-999.0,0.0,0.0
13,8.0,0.0,5.0,3,4.0,3.0,0.0,0.0,1.0,1.0,0.0,0.0
